1 512 1024 28 256 112 16 1
1 16 32 896 8 3584 512 1
1 14 28 1024 8 3584 512 1
1 512 1024 28 512 56 8 1
1 8 16 1792 8 3584 512 1
1 7 14 2048 8 3584 512 1
1 448 936 32 64 468 64 1
1 256 534 56 16 1869 256 1
1 448 934 32 64 467 64 1
1 448 932 32 64 466 64 1
1 256 532 56 16 1862 256 1
1 448 930 32 64 465 64 1
1 448 928 32 64 464 64 1
1 256 530 56 16 1855 256 1
1 448 926 32 64 463 64 1
1 4 8 3584 8 3584 512 1
1 512 1024 28 1024 28 4 1
1 448 924 32 64 462 64 1
1 256 528 56 16 1848 256 1
1 448 922 32 64 461 64 1
1 256 526 56 16 1841 256 1
1 448 920 32 64 460 64 1
1 448 918 32 64 459 64 1
1 256 524 56 16 1834 256 1
1 448 916 32 64 458 64 1
1 448 914 32 64 457 64 1
1 256 522 56 16 1827 256 1
1 448 912 32 64 456 64 1
1 512 1024 28 2048 14 2 1
1 2 4 7168 8 3584 512 1
1 256 520 56 16 1820 256 1
1 448 910 32 64 455 64 1
1 448 908 32 64 454 64 1
1 256 518 56 16 1813 256 1
1 448 906 32 64 453 64 1
1 448 904 32 64 452 64 1
1 1 2 14336 8 3584 512 1
1 512 1024 28 4096 7 1 1
1 256 516 56 16 1806 256 1
1 448 902 32 64 451 64 1
1 448 900 32 64 450 64 1
1 256 514 56 16 1799 256 1
1 448 898 32 64 449 64 1
1 448 896 32 64 448 64 1
1 256 512 56 16 1792 256 1
