1 512 3584 8 896 32 16 1
1 16 112 256 28 1024 512 1
1 512 3584 8 1024 28 14 1
1 512 3584 8 1792 16 8 1
1 8 56 512 28 1024 512 1
1 512 3584 8 2048 14 7 1
1 64 468 64 32 936 448 1
1 256 1869 16 56 534 256 1
1 64 467 64 32 934 448 1
1 64 466 64 32 932 448 1
1 256 1862 16 56 532 256 1
1 64 465 64 32 930 448 1
1 64 464 64 32 928 448 1
1 256 1855 16 56 530 256 1
1 64 463 64 32 926 448 1
1 4 28 1024 28 1024 512 1
1 512 3584 8 3584 8 4 1
1 64 462 64 32 924 448 1
1 256 1848 16 56 528 256 1
1 64 461 64 32 922 448 1
1 256 1841 16 56 526 256 1
1 64 460 64 32 920 448 1
1 64 459 64 32 918 448 1
1 256 1834 16 56 524 256 1
1 64 458 64 32 916 448 1
1 64 457 64 32 914 448 1
1 256 1827 16 56 522 256 1
1 64 456 64 32 912 448 1
1 2 14 2048 28 1024 512 1
1 512 3584 8 7168 4 2 1
1 64 455 64 32 910 448 1
1 256 1820 16 56 520 256 1
1 64 454 64 32 908 448 1
1 256 1813 16 56 518 256 1
1 64 453 64 32 906 448 1
1 64 452 64 32 904 448 1
1 512 3584 8 14336 2 1 1
1 1 7 4096 28 1024 512 1
1 256 1806 16 56 516 256 1
1 64 451 64 32 902 448 1
1 64 450 64 32 900 448 1
1 256 1799 16 56 514 256 1
1 64 449 64 32 898 448 1
1 256 1792 16 56 512 256 1
1 64 448 64 32 896 448 1
