1,2,1792,2048 7168,512,2,1
1,2,2016,2048 7168,576,2,1
1,2,2240,2048 7168,640,2,1
1,2,2464,2048 7168,704,2,1
1,2,2688,2048 7168,768,2,1
1,2,2912,2048 7168,832,2,1
1,2,3136,2048 7168,896,2,1
1,2,3360,2048 7168,960,2,1
1,2,3584,2048 7168,1024,2,1
1,2,3808,2048 7168,1088,2,1
1,2,4032,2048 7168,1152,2,1
1,2,4256,2048 7168,1216,2,1
1,2,4480,2048 7168,1280,2,1
1,2,4704,2048 7168,1344,2,1
1,2,4928,2048 7168,1408,2,1
1,2,5152,2048 7168,1472,2,1
1,2,5376,2048 7168,1536,2,1
1,2,5600,2048 7168,1600,2,1
1,2,5824,2048 7168,1664,2,1
1,2,6048,2048 7168,1728,2,1
1,2,6272,2048 7168,1792,2,1
1,2,6496,2048 7168,1856,2,1
1,2,6720,2048 7168,1920,2,1
1,2,6944,2048 7168,1984,2,1
1,4,2464,1024 7168,352,2,1
1,2,1344,2048 3584,768,4,1
1,4,2688,1024 7168,384,2,1
1,4,2912,1024 7168,416,2,1
1,4,3136,1024 7168,448,2,1
1,2,1568,2048 3584,896,4,1
1,4,3360,1024 7168,480,2,1
1,4,3584,1024 7168,512,2,1
1,2,1792,2048 3584,1024,4,1
1,4,3808,1024 7168,544,2,1
1,2,2016,2048 3584,1152,4,1
1,4,4032,1024 7168,576,2,1
1,4,4256,1024 7168,608,2,1
1,4,4480,1024 7168,640,2,1
1,2,2240,2048 3584,1280,4,1
1,4,4704,1024 7168,672,2,1
1,2,2464,2048 3584,1408,4,1
1,4,4928,1024 7168,704,2,1
1,4,5152,1024 7168,736,2,1
1,4,5376,1024 7168,768,2,1
1,2,2688,2048 3584,1536,4,1
1,4,5600,1024 7168,800,2,1
1,4,5824,1024 7168,832,2,1
1,2,2912,2048 3584,1664,4,1
1,4,6048,1024 7168,864,2,1
1,2,3136,2048 3584,1792,4,1
1,4,6272,1024 7168,896,2,1
1,4,6496,1024 7168,928,2,1
1,2,3360,2048 3584,1920,4,1
1,4,6720,1024 7168,960,2,1
1,4,6944,1024 7168,992,2,1
1,2,3584,2048 3584,2048,4,1
1,4,7168,1024 7168,1024,2,1
1,4,7392,1024 7168,1056,2,1
1,2,3808,2048 3584,2176,4,1
1,4,7616,1024 7168,1088,2,1
1,4,7840,1024 7168,1120,2,1
1,4,8064,1024 7168,1152,2,1
1,2,4032,2048 3584,2304,4,1
1,4,8288,1024 7168,1184,2,1
1,4,8512,1024 7168,1216,2,1
1,2,4256,2048 3584,2432,4,1
1,4,8736,1024 7168,1248,2,1
1,2,4480,2048 3584,2560,4,1
1,4,8960,1024 7168,1280,2,1
1,4,9184,1024 7168,1312,2,1
1,4,9408,1024 7168,1344,2,1
1,2,4704,2048 3584,2688,4,1
1,4,1792,1024 3584,512,4,1
1,4,2016,1024 3584,576,4,1
1,4,2240,1024 3584,640,4,1
1,4,2464,1024 3584,704,4,1
1,4,2688,1024 3584,768,4,1
1,4,2912,1024 3584,832,4,1
1,4,3136,1024 3584,896,4,1
1,4,3360,1024 3584,960,4,1
1,4,3584,1024 3584,1024,4,1
1,4,3808,1024 3584,1088,4,1
1,4,4032,1024 3584,1152,4,1
1,4,4256,1024 3584,1216,4,1
1,4,4480,1024 3584,1280,4,1
1,4,4704,1024 3584,1344,4,1
1,4,4928,1024 3584,1408,4,1
1,4,5152,1024 3584,1472,4,1
1,4,5376,1024 3584,1536,4,1
1,4,5600,1024 3584,1600,4,1
1,4,5824,1024 3584,1664,4,1
1,4,6048,1024 3584,1728,4,1
1,4,6272,1024 3584,1792,4,1
1,4,6496,1024 3584,1856,4,1
1,4,6720,1024 3584,1920,4,1
1,4,6944,1024 3584,1984,4,1
1,8,3136,512 7168,224,2,1
1,2,896,2048 1792,1024,8,1
1,8,3584,512 7168,256,2,1
1,8,4032,512 7168,288,2,1
1,8,4480,512 7168,320,2,1
1,2,1120,2048 1792,1280,8,1
1,8,4928,512 7168,352,2,1
1,8,5376,512 7168,384,2,1
1,2,1344,2048 1792,1536,8,1
1,8,5824,512 7168,416,2,1
1,8,6272,512 7168,448,2,1
1,2,1568,2048 1792,1792,8,1
1,8,6720,512 7168,480,2,1
1,8,7168,512 7168,512,2,1
1,2,1792,2048 1792,2048,8,1
1,8,7616,512 7168,544,2,1
1,2,2016,2048 1792,2304,8,1
1,8,8064,512 7168,576,2,1
1,8,8512,512 7168,608,2,1
1,2,2240,2048 1792,2560,8,1
1,8,8960,512 7168,640,2,1
1,8,9408,512 7168,672,2,1
1,2,2464,2048 1792,2816,8,1
1,8,9856,512 7168,704,2,1
1,8,10304,512 7168,736,2,1
1,8,10752,512 7168,768,2,1
1,2,2688,2048 1792,3072,8,1
1,8,11200,512 7168,800,2,1
1,8,2464,512 3584,352,4,1
1,8,2688,512 3584,384,4,1
1,4,1344,1024 1792,768,8,1
1,8,2912,512 3584,416,4,1
1,4,1568,1024 1792,896,8,1
1,8,3136,512 3584,448,4,1
1,8,3360,512 3584,480,4,1
1,4,1792,1024 1792,1024,8,1
1,8,3584,512 3584,512,4,1
1,8,3808,512 3584,544,4,1
1,4,2016,1024 1792,1152,8,1
1,8,4032,512 3584,576,4,1
1,8,4256,512 3584,608,4,1
1,4,2240,1024 1792,1280,8,1
1,8,4480,512 3584,640,4,1
1,8,4704,512 3584,672,4,1
1,8,4928,512 3584,704,4,1
1,4,2464,1024 1792,1408,8,1
1,8,5152,512 3584,736,4,1
1,4,2688,1024 1792,1536,8,1
1,8,5376,512 3584,768,4,1
1,8,5600,512 3584,800,4,1
1,4,2912,1024 1792,1664,8,1
1,8,5824,512 3584,832,4,1
1,8,6048,512 3584,864,4,1
1,4,3136,1024 1792,1792,8,1
1,8,6272,512 3584,896,4,1
1,8,6496,512 3584,928,4,1
1,4,3360,1024 1792,1920,8,1
1,8,6720,512 3584,960,4,1
1,8,6944,512 3584,992,4,1
1,4,3584,1024 1792,2048,8,1
1,8,7168,512 3584,1024,4,1
1,8,7392,512 3584,1056,4,1
1,8,7616,512 3584,1088,4,1
1,4,3808,1024 1792,2176,8,1
1,8,7840,512 3584,1120,4,1
1,4,4032,1024 1792,2304,8,1
1,8,8064,512 3584,1152,4,1
1,8,8288,512 3584,1184,4,1
1,8,8512,512 3584,1216,4,1
1,4,4256,1024 1792,2432,8,1
1,8,8736,512 3584,1248,4,1
1,4,4480,1024 1792,2560,8,1
1,8,8960,512 3584,1280,4,1
1,8,9184,512 3584,1312,4,1
1,4,4704,1024 1792,2688,8,1
1,8,9408,512 3584,1344,4,1
1,2,448,2048 1024,896,14,1
1,8,1792,512 1792,512,8,1
1,2,480,2048 1024,960,14,1
1,8,2016,512 1792,576,8,1
1,2,512,2048 1024,1024,14,1
1,2,544,2048 1024,1088,14,1
1,8,2240,512 1792,640,8,1
1,2,576,2048 1024,1152,14,1
1,2,608,2048 1024,1216,14,1
1,8,2464,512 1792,704,8,1
1,2,640,2048 1024,1280,14,1
1,8,2688,512 1792,768,8,1
1,2,672,2048 1024,1344,14,1
1,2,704,2048 1024,1408,14,1
1,8,2912,512 1792,832,8,1
1,2,736,2048 1024,1472,14,1
1,2,768,2048 1024,1536,14,1
1,8,3136,512 1792,896,8,1
1,2,800,2048 1024,1600,14,1
1,2,832,2048 1024,1664,14,1
1,8,3360,512 1792,960,8,1
1,2,864,2048 1024,1728,14,1
1,8,3584,512 1792,1024,8,1
1,2,896,2048 1024,1792,14,1
1,2,928,2048 1024,1856,14,1
1,8,3808,512 1792,1088,8,1
1,2,960,2048 1024,1920,14,1
1,2,992,2048 1024,1984,14,1
1,8,4032,512 1792,1152,8,1
1,2,1024,2048 1024,2048,14,1
1,2,1056,2048 1024,2112,14,1
1,8,4256,512 1792,1216,8,1
1,2,1088,2048 1024,2176,14,1
1,2,1120,2048 1024,2240,14,1
1,8,4480,512 1792,1280,8,1
1,2,1152,2048 1024,2304,14,1
1,8,4704,512 1792,1344,8,1
1,2,1184,2048 1024,2368,14,1
1,2,1216,2048 1024,2432,14,1
1,8,4928,512 1792,1408,8,1
1,2,1248,2048 1024,2496,14,1
1,2,1280,2048 1024,2560,14,1
1,8,5152,512 1792,1472,8,1
1,2,1312,2048 1024,2624,14,1
1,2,1344,2048 1024,2688,14,1
1,8,5376,512 1792,1536,8,1
1,2,1376,2048 1024,2752,14,1
1,8,5600,512 1792,1600,8,1
1,2,1408,2048 1024,2816,14,1
1,2,1440,2048 1024,2880,14,1
1,8,5824,512 1792,1664,8,1
1,2,1472,2048 1024,2944,14,1
1,2,1504,2048 1024,3008,14,1
1,8,6048,512 1792,1728,8,1
1,2,1536,2048 1024,3072,14,1
1,2,1568,2048 1024,3136,14,1
1,8,6272,512 1792,1792,8,1
1,2,1600,2048 1024,3200,14,1
1,8,6496,512 1792,1856,8,1
1,2,1632,2048 1024,3264,14,1
1,2,1664,2048 1024,3328,14,1
1,8,6720,512 1792,1920,8,1
1,2,1696,2048 1024,3392,14,1
1,2,1728,2048 1024,3456,14,1
1,8,6944,512 1792,1984,8,1
1,2,1760,2048 1024,3520,14,1
1,4,800,1024 1024,800,14,1
1,4,832,1024 1024,832,14,1
1,4,864,1024 1024,864,14,1
1,2,448,2048 896,1024,16,1
1,16,3584,256 7168,128,2,1
1,4,896,1024 1024,896,14,1
1,4,928,1024 1024,928,14,1
1,4,960,1024 1024,960,14,1
1,4,992,1024 1024,992,14,1
1,4,1024,1024 1024,1024,14,1
1,4,1056,1024 1024,1056,14,1
1,4,1088,1024 1024,1088,14,1
1,4,1120,1024 1024,1120,14,1
1,16,4480,256 7168,160,2,1
1,4,1152,1024 1024,1152,14,1
1,4,1184,1024 1024,1184,14,1
1,4,1216,1024 1024,1216,14,1
1,4,1248,1024 1024,1248,14,1
1,4,1280,1024 1024,1280,14,1
1,4,1312,1024 1024,1312,14,1
1,2,672,2048 896,1536,16,1
1,16,5376,256 7168,192,2,1
1,4,1344,1024 1024,1344,14,1
1,4,1376,1024 1024,1376,14,1
1,4,1408,1024 1024,1408,14,1
1,4,1440,1024 1024,1440,14,1
1,4,1472,1024 1024,1472,14,1
1,4,1504,1024 1024,1504,14,1
1,4,1536,1024 1024,1536,14,1
1,16,6272,256 7168,224,2,1
1,4,1568,1024 1024,1568,14,1
1,4,1600,1024 1024,1600,14,1
1,4,1632,1024 1024,1632,14,1
1,4,1664,1024 1024,1664,14,1
1,4,1696,1024 1024,1696,14,1
1,4,1728,1024 1024,1728,14,1
1,4,1760,1024 1024,1760,14,1
1,2,896,2048 896,2048,16,1
1,16,7168,256 7168,256,2,1
1,4,1792,1024 1024,1792,14,1
1,4,1824,1024 1024,1824,14,1
1,4,1856,1024 1024,1856,14,1
1,4,1888,1024 1024,1888,14,1
1,4,1920,1024 1024,1920,14,1
1,4,1952,1024 1024,1952,14,1
1,4,1984,1024 1024,1984,14,1
1,4,2016,1024 1024,2016,14,1
1,16,8064,256 7168,288,2,1
1,4,2048,1024 1024,2048,14,1
1,4,2080,1024 1024,2080,14,1
1,4,2112,1024 1024,2112,14,1
1,4,2144,1024 1024,2144,14,1
1,4,2176,1024 1024,2176,14,1
1,4,2208,1024 1024,2208,14,1
1,16,8960,256 7168,320,2,1
1,2,1120,2048 896,2560,16,1
1,4,2240,1024 1024,2240,14,1
1,4,2272,1024 1024,2272,14,1
1,4,2304,1024 1024,2304,14,1
1,4,2336,1024 1024,2336,14,1
1,4,2368,1024 1024,2368,14,1
1,4,2400,1024 1024,2400,14,1
1,4,2432,1024 1024,2432,14,1
1,4,2464,1024 1024,2464,14,1
1,16,9856,256 7168,352,2,1
1,4,2496,1024 1024,2496,14,1
1,4,2528,1024 1024,2528,14,1
1,4,2560,1024 1024,2560,14,1
1,4,2592,1024 1024,2592,14,1
1,4,2624,1024 1024,2624,14,1
1,4,2656,1024 1024,2656,14,1
1,2,1344,2048 896,3072,16,1
1,16,10752,256 7168,384,2,1
1,4,2688,1024 1024,2688,14,1
1,4,2720,1024 1024,2720,14,1
1,4,2752,1024 1024,2752,14,1
1,4,2784,1024 1024,2784,14,1
1,4,2816,1024 1024,2816,14,1
1,4,2848,1024 1024,2848,14,1
1,4,2880,1024 1024,2880,14,1
1,16,11648,256 7168,416,2,1
1,4,2912,1024 1024,2912,14,1
1,4,2944,1024 1024,2944,14,1
1,4,2976,1024 1024,2976,14,1
1,4,3008,1024 1024,3008,14,1
1,4,3040,1024 1024,3040,14,1
1,4,3072,1024 1024,3072,14,1
1,4,3104,1024 1024,3104,14,1
1,4,3136,1024 1024,3136,14,1
1,2,1568,2048 896,3584,16,1
1,16,12544,256 7168,448,2,1
1,4,3168,1024 1024,3168,14,1
1,16,3136,256 3584,224,4,1
1,4,896,1024 896,1024,16,1
1,16,3584,256 3584,256,4,1
1,16,4032,256 3584,288,4,1
1,16,4480,256 3584,320,4,1
1,4,1120,1024 896,1280,16,1
1,16,4928,256 3584,352,4,1
1,4,1344,1024 896,1536,16,1
1,16,5376,256 3584,384,4,1
1,16,5824,256 3584,416,4,1
1,16,6272,256 3584,448,4,1
1,4,1568,1024 896,1792,16,1
1,16,6720,256 3584,480,4,1
1,4,1792,1024 896,2048,16,1
1,16,7168,256 3584,512,4,1
1,16,7616,256 3584,544,4,1
1,4,2016,1024 896,2304,16,1
1,16,8064,256 3584,576,4,1
1,16,8512,256 3584,608,4,1
1,4,2240,1024 896,2560,16,1
1,16,8960,256 3584,640,4,1
1,16,9408,256 3584,672,4,1
1,16,9856,256 3584,704,4,1
1,4,2464,1024 896,2816,16,1
1,16,10304,256 3584,736,4,1
1,16,10752,256 3584,768,4,1
1,4,2688,1024 896,3072,16,1
1,16,11200,256 3584,800,4,1
1,8,1344,512 1024,672,14,1
1,8,1408,512 1024,704,14,1
1,8,1472,512 1024,736,14,1
1,8,1536,512 1024,768,14,1
1,8,1600,512 1024,800,14,1
1,8,1664,512 1024,832,14,1
1,8,1728,512 1024,864,14,1
1,8,1792,512 1024,896,14,1
1,8,1856,512 1024,928,14,1
1,8,1920,512 1024,960,14,1
1,8,1984,512 1024,992,14,1
1,8,2048,512 1024,1024,14,1
1,8,2112,512 1024,1056,14,1
1,8,2176,512 1024,1088,14,1
1,8,2240,512 1024,1120,14,1
1,8,2304,512 1024,1152,14,1
1,8,2368,512 1024,1184,14,1
1,8,2432,512 1024,1216,14,1
1,8,2496,512 1024,1248,14,1
1,8,2560,512 1024,1280,14,1
1,8,2624,512 1024,1312,14,1
1,8,2688,512 1024,1344,14,1
1,8,2752,512 1024,1376,14,1
1,8,2816,512 1024,1408,14,1
1,8,2880,512 1024,1440,14,1
1,8,2944,512 1024,1472,14,1
1,8,3008,512 1024,1504,14,1
1,8,3072,512 1024,1536,14,1
1,8,3136,512 1024,1568,14,1
1,8,3200,512 1024,1600,14,1
1,8,3264,512 1024,1632,14,1
1,8,3328,512 1024,1664,14,1
1,8,3392,512 1024,1696,14,1
1,8,3456,512 1024,1728,14,1
1,8,3520,512 1024,1760,14,1
1,8,3584,512 1024,1792,14,1
1,8,3648,512 1024,1824,14,1
1,8,3712,512 1024,1856,14,1
1,8,3776,512 1024,1888,14,1
1,8,3840,512 1024,1920,14,1
1,8,3904,512 1024,1952,14,1
1,8,3968,512 1024,1984,14,1
1,8,4032,512 1024,2016,14,1
1,8,4096,512 1024,2048,14,1
1,8,4160,512 1024,2080,14,1
1,8,4224,512 1024,2112,14,1
1,8,4288,512 1024,2144,14,1
1,8,4352,512 1024,2176,14,1
1,8,4416,512 1024,2208,14,1
1,8,4480,512 1024,2240,14,1
1,8,4544,512 1024,2272,14,1
1,8,4608,512 1024,2304,14,1
1,8,4672,512 1024,2336,14,1
1,8,4736,512 1024,2368,14,1
1,8,4800,512 1024,2400,14,1
1,8,4864,512 1024,2432,14,1
1,8,4928,512 1024,2464,14,1
1,8,4992,512 1024,2496,14,1
1,8,5056,512 1024,2528,14,1
1,8,5120,512 1024,2560,14,1
1,8,5184,512 1024,2592,14,1
1,16,2464,256 1792,352,8,1
1,8,1344,512 896,768,16,1
1,16,2688,256 1792,384,8,1
1,16,2912,256 1792,416,8,1
1,16,3136,256 1792,448,8,1
1,8,1568,512 896,896,16,1
1,16,3360,256 1792,480,8,1
1,16,3584,256 1792,512,8,1
1,8,1792,512 896,1024,16,1
1,16,3808,256 1792,544,8,1
1,16,4032,256 1792,576,8,1
1,8,2016,512 896,1152,16,1
1,16,4256,256 1792,608,8,1
1,8,2240,512 896,1280,16,1
1,16,4480,256 1792,640,8,1
1,16,4704,256 1792,672,8,1
1,16,4928,256 1792,704,8,1
1,8,2464,512 896,1408,16,1
1,16,5152,256 1792,736,8,1
1,16,5376,256 1792,768,8,1
1,8,2688,512 896,1536,16,1
1,16,5600,256 1792,800,8,1
1,8,2912,512 896,1664,16,1
1,16,5824,256 1792,832,8,1
1,16,6048,256 1792,864,8,1
1,16,6272,256 1792,896,8,1
1,8,3136,512 896,1792,16,1
1,16,6496,256 1792,928,8,1
1,8,3360,512 896,1920,16,1
1,16,6720,256 1792,960,8,1
1,16,6944,256 1792,992,8,1
1,8,3584,512 896,2048,16,1
1,16,7168,256 1792,1024,8,1
1,16,7392,256 1792,1056,8,1
1,16,7616,256 1792,1088,8,1
1,8,3808,512 896,2176,16,1
1,16,7840,256 1792,1120,8,1
1,16,8064,256 1792,1152,8,1
1,8,4032,512 896,2304,16,1
1,16,8288,256 1792,1184,8,1
1,8,4256,512 896,2432,16,1
1,16,8512,256 1792,1216,8,1
1,16,8736,256 1792,1248,8,1
1,16,8960,256 1792,1280,8,1
1,8,4480,512 896,2560,16,1
1,16,9184,256 1792,1312,8,1
1,8,4704,512 896,2688,16,1
1,16,9408,256 1792,1344,8,1
1,16,1920,256 1024,480,14,1
1,2,256,2048 512,1024,28,1
1,16,2048,256 1024,512,14,1
1,16,2176,256 1024,544,14,1
1,16,2304,256 1024,576,14,1
1,2,288,2048 512,1152,28,1
1,16,2432,256 1024,608,14,1
1,2,320,2048 512,1280,28,1
1,16,2560,256 1024,640,14,1
1,16,2688,256 1024,672,14,1
1,2,352,2048 512,1408,28,1
1,16,2816,256 1024,704,14,1
1,16,2944,256 1024,736,14,1
1,2,384,2048 512,1536,28,1
1,16,3072,256 1024,768,14,1
1,16,3200,256 1024,800,14,1
1,16,3328,256 1024,832,14,1
1,2,416,2048 512,1664,28,1
1,16,3456,256 1024,864,14,1
1,16,3584,256 1024,896,14,1
1,2,448,2048 512,1792,28,1
1,16,3712,256 1024,928,14,1
1,16,3840,256 1024,960,14,1
1,2,480,2048 512,1920,28,1
1,16,3968,256 1024,992,14,1
1,2,512,2048 512,2048,28,1
1,16,4096,256 1024,1024,14,1
1,16,4224,256 1024,1056,14,1
1,2,544,2048 512,2176,28,1
1,16,4352,256 1024,1088,14,1
1,16,4480,256 1024,1120,14,1
1,16,4608,256 1024,1152,14,1
1,2,576,2048 512,2304,28,1
1,16,4736,256 1024,1184,14,1
1,2,608,2048 512,2432,28,1
1,16,4864,256 1024,1216,14,1
1,16,4992,256 1024,1248,14,1
1,2,640,2048 512,2560,28,1
1,16,5120,256 1024,1280,14,1
1,16,5248,256 1024,1312,14,1
1,2,672,2048 512,2688,28,1
1,16,5376,256 1024,1344,14,1
1,16,5504,256 1024,1376,14,1
1,2,704,2048 512,2816,28,1
1,16,5632,256 1024,1408,14,1
1,16,5760,256 1024,1440,14,1
1,16,5888,256 1024,1472,14,1
1,2,736,2048 512,2944,28,1
1,16,6016,256 1024,1504,14,1
1,2,768,2048 512,3072,28,1
1,16,6144,256 1024,1536,14,1
1,16,6272,256 1024,1568,14,1
1,16,6400,256 1024,1600,14,1
1,2,800,2048 512,3200,28,1
1,16,6528,256 1024,1632,14,1
1,16,6656,256 1024,1664,14,1
1,2,832,2048 512,3328,28,1
1,16,6784,256 1024,1696,14,1
1,2,864,2048 512,3456,28,1
1,16,6912,256 1024,1728,14,1
1,16,7040,256 1024,1760,14,1
1,16,7168,256 1024,1792,14,1
1,2,896,2048 512,3584,28,1
1,16,7296,256 1024,1824,14,1
1,2,928,2048 512,3712,28,1
1,16,7424,256 1024,1856,14,1
1,16,7552,256 1024,1888,14,1
1,4,448,1024 512,896,28,1
1,16,1792,256 896,512,16,1
1,4,480,1024 512,960,28,1
1,16,2016,256 896,576,16,1
1,4,512,1024 512,1024,28,1
1,4,544,1024 512,1088,28,1
1,16,2240,256 896,640,16,1
1,4,576,1024 512,1152,28,1
1,4,608,1024 512,1216,28,1
1,16,2464,256 896,704,16,1
1,4,640,1024 512,1280,28,1
1,4,672,1024 512,1344,28,1
1,16,2688,256 896,768,16,1
1,4,704,1024 512,1408,28,1
1,16,2912,256 896,832,16,1
1,4,736,1024 512,1472,28,1
1,4,768,1024 512,1536,28,1
1,16,3136,256 896,896,16,1
1,4,800,1024 512,1600,28,1
1,4,832,1024 512,1664,28,1
1,16,3360,256 896,960,16,1
1,4,864,1024 512,1728,28,1
1,4,896,1024 512,1792,28,1
1,16,3584,256 896,1024,16,1
1,4,928,1024 512,1856,28,1
1,16,3808,256 896,1088,16,1
1,4,960,1024 512,1920,28,1
1,4,992,1024 512,1984,28,1
1,16,4032,256 896,1152,16,1
1,4,1024,1024 512,2048,28,1
1,4,1056,1024 512,2112,28,1
1,16,4256,256 896,1216,16,1
1,4,1088,1024 512,2176,28,1
1,16,4480,256 896,1280,16,1
1,4,1120,1024 512,2240,28,1
1,4,1152,1024 512,2304,28,1
1,16,4704,256 896,1344,16,1
1,4,1184,1024 512,2368,28,1
1,4,1216,1024 512,2432,28,1
1,16,4928,256 896,1408,16,1
1,4,1248,1024 512,2496,28,1
1,4,1280,1024 512,2560,28,1
1,16,5152,256 896,1472,16,1
1,4,1312,1024 512,2624,28,1
1,16,5376,256 896,1536,16,1
1,4,1344,1024 512,2688,28,1
1,4,1376,1024 512,2752,28,1
1,16,5600,256 896,1600,16,1
1,4,1408,1024 512,2816,28,1
1,4,1440,1024 512,2880,28,1
1,16,5824,256 896,1664,16,1
1,4,1472,1024 512,2944,28,1
1,4,1504,1024 512,3008,28,1
1,16,6048,256 896,1728,16,1
1,4,1536,1024 512,3072,28,1
1,16,6272,256 896,1792,16,1
1,4,1568,1024 512,3136,28,1
1,4,1600,1024 512,3200,28,1
1,16,6496,256 896,1856,16,1
1,4,1632,1024 512,3264,28,1
1,4,1664,1024 512,3328,28,1
1,16,6720,256 896,1920,16,1
1,4,1696,1024 512,3392,28,1
1,4,1728,1024 512,3456,28,1
1,16,6944,256 896,1984,16,1
1,4,1760,1024 512,3520,28,1
1,2,224,2048 448,1024,32,1
1,32,3584,128 7168,64,2,1
1,32,5376,128 7168,96,2,1
1,2,448,2048 448,2048,32,1
1,32,7168,128 7168,128,2,1
1,32,8960,128 7168,160,2,1
1,2,672,2048 448,3072,32,1
1,32,10752,128 7168,192,2,1
1,32,12544,128 7168,224,2,1
1,8,800,512 512,800,28,1
1,8,832,512 512,832,28,1
1,8,864,512 512,864,28,1
1,4,448,1024 448,1024,32,1
1,32,3584,128 3584,128,4,1
1,8,896,512 512,896,28,1
1,8,928,512 512,928,28,1
1,8,960,512 512,960,28,1
1,8,992,512 512,992,28,1
1,8,1024,512 512,1024,28,1
1,8,1056,512 512,1056,28,1
1,8,1088,512 512,1088,28,1
1,32,4480,128 3584,160,4,1
1,8,1120,512 512,1120,28,1
1,8,1152,512 512,1152,28,1
1,8,1184,512 512,1184,28,1
1,8,1216,512 512,1216,28,1
1,8,1248,512 512,1248,28,1
1,8,1280,512 512,1280,28,1
1,8,1312,512 512,1312,28,1
1,8,1344,512 512,1344,28,1
1,32,5376,128 3584,192,4,1
1,4,672,1024 448,1536,32,1
1,8,1376,512 512,1376,28,1
1,8,1408,512 512,1408,28,1
1,8,1440,512 512,1440,28,1
1,8,1472,512 512,1472,28,1
1,8,1504,512 512,1504,28,1
1,8,1536,512 512,1536,28,1
1,8,1568,512 512,1568,28,1
1,32,6272,128 3584,224,4,1
1,8,1600,512 512,1600,28,1
1,8,1632,512 512,1632,28,1
1,8,1664,512 512,1664,28,1
1,8,1696,512 512,1696,28,1
1,8,1728,512 512,1728,28,1
1,8,1760,512 512,1760,28,1
1,4,896,1024 448,2048,32,1
1,8,1792,512 512,1792,28,1
1,32,7168,128 3584,256,4,1
1,8,1824,512 512,1824,28,1
1,8,1856,512 512,1856,28,1
1,8,1888,512 512,1888,28,1
1,8,1920,512 512,1920,28,1
1,8,1952,512 512,1952,28,1
1,8,1984,512 512,1984,28,1
1,32,8064,128 3584,288,4,1
1,8,2016,512 512,2016,28,1
1,8,2048,512 512,2048,28,1
1,8,2080,512 512,2080,28,1
1,8,2112,512 512,2112,28,1
1,8,2144,512 512,2144,28,1
1,8,2176,512 512,2176,28,1
1,8,2208,512 512,2208,28,1
1,32,8960,128 3584,320,4,1
1,4,1120,1024 448,2560,32,1
1,8,2240,512 512,2240,28,1
1,8,2272,512 512,2272,28,1
1,8,2304,512 512,2304,28,1
1,8,2336,512 512,2336,28,1
1,8,2368,512 512,2368,28,1
1,8,2400,512 512,2400,28,1
1,8,2432,512 512,2432,28,1
1,32,9856,128 3584,352,4,1
1,8,2464,512 512,2464,28,1
1,8,2496,512 512,2496,28,1
1,8,2528,512 512,2528,28,1
1,8,2560,512 512,2560,28,1
1,8,2592,512 512,2592,28,1
1,8,2624,512 512,2624,28,1
1,8,2656,512 512,2656,28,1
1,8,2688,512 512,2688,28,1
1,32,10752,128 3584,384,4,1
1,4,1344,1024 448,3072,32,1
1,8,2720,512 512,2720,28,1
1,8,2752,512 512,2752,28,1
1,8,2784,512 512,2784,28,1
1,8,2816,512 512,2816,28,1
1,8,2848,512 512,2848,28,1
1,8,2880,512 512,2880,28,1
1,32,11648,128 3584,416,4,1
1,8,2912,512 512,2912,28,1
1,8,2944,512 512,2944,28,1
1,8,2976,512 512,2976,28,1
1,8,3008,512 512,3008,28,1
1,8,3040,512 512,3040,28,1
1,8,3072,512 512,3072,28,1
1,8,3104,512 512,3104,28,1
1,32,12544,128 3584,448,4,1
1,4,1568,1024 448,3584,32,1
1,8,3136,512 512,3136,28,1
1,8,3168,512 512,3168,28,1
1,32,3136,128 1792,224,8,1
1,8,896,512 448,1024,32,1
1,32,3584,128 1792,256,8,1
1,32,4032,128 1792,288,8,1
1,32,4480,128 1792,320,8,1
1,8,1120,512 448,1280,32,1
1,32,4928,128 1792,352,8,1
1,32,5376,128 1792,384,8,1
1,8,1344,512 448,1536,32,1
1,32,5824,128 1792,416,8,1
1,8,1568,512 448,1792,32,1
1,32,6272,128 1792,448,8,1
1,32,6720,128 1792,480,8,1
1,8,1792,512 448,2048,32,1
1,32,7168,128 1792,512,8,1
1,32,7616,128 1792,544,8,1
1,32,8064,128 1792,576,8,1
1,8,2016,512 448,2304,32,1
1,32,8512,128 1792,608,8,1
1,8,2240,512 448,2560,32,1
1,32,8960,128 1792,640,8,1
1,32,9408,128 1792,672,8,1
1,8,2464,512 448,2816,32,1
1,32,9856,128 1792,704,8,1
1,32,10304,128 1792,736,8,1
1,8,2688,512 448,3072,32,1
1,32,10752,128 1792,768,8,1
1,32,11200,128 1792,800,8,1
1,16,1344,256 512,672,28,1
1,16,1408,256 512,704,28,1
1,16,1472,256 512,736,28,1
1,16,1536,256 512,768,28,1
1,16,1600,256 512,800,28,1
1,16,1664,256 512,832,28,1
1,16,1728,256 512,864,28,1
1,16,1792,256 512,896,28,1
1,16,1856,256 512,928,28,1
1,16,1920,256 512,960,28,1
1,16,1984,256 512,992,28,1
1,16,2048,256 512,1024,28,1
1,16,2112,256 512,1056,28,1
1,16,2176,256 512,1088,28,1
1,16,2240,256 512,1120,28,1
1,16,2304,256 512,1152,28,1
1,16,2368,256 512,1184,28,1
1,16,2432,256 512,1216,28,1
1,16,2496,256 512,1248,28,1
1,16,2560,256 512,1280,28,1
1,16,2624,256 512,1312,28,1
1,16,2688,256 512,1344,28,1
1,16,2752,256 512,1376,28,1
1,16,2816,256 512,1408,28,1
1,16,2880,256 512,1440,28,1
1,16,2944,256 512,1472,28,1
1,16,3008,256 512,1504,28,1
1,16,3072,256 512,1536,28,1
1,16,3136,256 512,1568,28,1
1,16,3200,256 512,1600,28,1
1,16,3264,256 512,1632,28,1
1,16,3328,256 512,1664,28,1
1,16,3392,256 512,1696,28,1
1,16,3456,256 512,1728,28,1
1,16,3520,256 512,1760,28,1
1,16,3584,256 512,1792,28,1
1,16,3648,256 512,1824,28,1
1,16,3712,256 512,1856,28,1
1,16,3776,256 512,1888,28,1
1,16,3840,256 512,1920,28,1
1,16,3904,256 512,1952,28,1
1,16,3968,256 512,1984,28,1
1,16,4032,256 512,2016,28,1
1,16,4096,256 512,2048,28,1
1,16,4160,256 512,2080,28,1
1,16,4224,256 512,2112,28,1
1,16,4288,256 512,2144,28,1
1,16,4352,256 512,2176,28,1
1,16,4416,256 512,2208,28,1
1,16,4480,256 512,2240,28,1
1,16,4544,256 512,2272,28,1
1,16,4608,256 512,2304,28,1
1,16,4672,256 512,2336,28,1
1,16,4736,256 512,2368,28,1
1,16,4800,256 512,2400,28,1
1,16,4864,256 512,2432,28,1
1,16,4928,256 512,2464,28,1
1,16,4992,256 512,2496,28,1
1,16,5056,256 512,2528,28,1
1,16,5120,256 512,2560,28,1
1,16,5184,256 512,2592,28,1
1,32,2560,128 1024,320,14,1
1,32,2816,128 1024,352,14,1
1,32,3072,128 1024,384,14,1
1,32,3328,128 1024,416,14,1
1,32,3584,128 1024,448,14,1
1,32,3840,128 1024,480,14,1
1,32,4096,128 1024,512,14,1
1,32,4352,128 1024,544,14,1
1,32,4608,128 1024,576,14,1
1,32,4864,128 1024,608,14,1
1,32,5120,128 1024,640,14,1
1,32,5376,128 1024,672,14,1
1,32,5632,128 1024,704,14,1
1,32,5888,128 1024,736,14,1
1,32,6144,128 1024,768,14,1
1,32,6400,128 1024,800,14,1
1,32,6656,128 1024,832,14,1
1,32,6912,128 1024,864,14,1
1,32,7168,128 1024,896,14,1
1,32,7424,128 1024,928,14,1
1,32,7680,128 1024,960,14,1
1,32,7936,128 1024,992,14,1
1,32,8192,128 1024,1024,14,1
1,32,8448,128 1024,1056,14,1
1,32,8704,128 1024,1088,14,1
1,32,8960,128 1024,1120,14,1
1,32,9216,128 1024,1152,14,1
1,32,9472,128 1024,1184,14,1
1,32,9728,128 1024,1216,14,1
1,32,2464,128 896,352,16,1
1,32,2688,128 896,384,16,1
1,16,1344,256 448,768,32,1
1,32,2912,128 896,416,16,1
1,16,1568,256 448,896,32,1
1,32,3136,128 896,448,16,1
1,32,3360,128 896,480,16,1
1,32,3584,128 896,512,16,1
1,16,1792,256 448,1024,32,1
1,32,3808,128 896,544,16,1
1,32,4032,128 896,576,16,1
1,16,2016,256 448,1152,32,1
1,32,4256,128 896,608,16,1
1,32,4480,128 896,640,16,1
1,16,2240,256 448,1280,32,1
1,32,4704,128 896,672,16,1
1,16,2464,256 448,1408,32,1
1,32,4928,128 896,704,16,1
1,32,5152,128 896,736,16,1
1,32,5376,128 896,768,16,1
1,16,2688,256 448,1536,32,1
1,32,5600,128 896,800,16,1
1,32,5824,128 896,832,16,1
1,16,2912,256 448,1664,32,1
1,32,6048,128 896,864,16,1
1,32,6272,128 896,896,16,1
1,16,3136,256 448,1792,32,1
1,32,6496,128 896,928,16,1
1,32,6720,128 896,960,16,1
1,16,3360,256 448,1920,32,1
1,32,6944,128 896,992,16,1
1,32,7168,128 896,1024,16,1
1,16,3584,256 448,2048,32,1
1,32,7392,128 896,1056,16,1
1,16,3808,256 448,2176,32,1
1,32,7616,128 896,1088,16,1
1,32,7840,128 896,1120,16,1
1,32,8064,128 896,1152,16,1
1,16,4032,256 448,2304,32,1
1,32,8288,128 896,1184,16,1
1,16,4256,256 448,2432,32,1
1,32,8512,128 896,1216,16,1
1,32,8736,128 896,1248,16,1
1,16,4480,256 448,2560,32,1
1,32,8960,128 896,1280,16,1
1,32,9184,128 896,1312,16,1
1,32,9408,128 896,1344,16,1
1,16,4704,256 448,2688,32,1
1,2,128,2048 256,1024,56,1
1,2,160,2048 256,1280,56,1
1,2,192,2048 256,1536,56,1
1,2,224,2048 256,1792,56,1
1,2,256,2048 256,2048,56,1
1,2,288,2048 256,2304,56,1
1,2,320,2048 256,2560,56,1
1,2,352,2048 256,2816,56,1
1,2,384,2048 256,3072,56,1
1,2,416,2048 256,3328,56,1
1,2,448,2048 256,3584,56,1
1,2,480,2048 256,3840,56,1
1,32,1920,128 512,480,28,1
1,32,2048,128 512,512,28,1
1,4,256,1024 256,1024,56,1
1,32,2176,128 512,544,28,1
1,32,2304,128 512,576,28,1
1,4,288,1024 256,1152,56,1
1,32,2432,128 512,608,28,1
1,32,2560,128 512,640,28,1
1,4,320,1024 256,1280,56,1
1,32,2688,128 512,672,28,1
1,4,352,1024 256,1408,56,1
1,32,2816,128 512,704,28,1
1,32,2944,128 512,736,28,1
1,4,384,1024 256,1536,56,1
1,32,3072,128 512,768,28,1
1,32,3200,128 512,800,28,1
1,32,3328,128 512,832,28,1
1,4,416,1024 256,1664,56,1
1,32,3456,128 512,864,28,1
1,4,448,1024 256,1792,56,1
1,32,3584,128 512,896,28,1
1,32,3712,128 512,928,28,1
1,4,480,1024 256,1920,56,1
1,32,3840,128 512,960,28,1
1,32,3968,128 512,992,28,1
1,4,512,1024 256,2048,56,1
1,32,4096,128 512,1024,28,1
1,32,4224,128 512,1056,28,1
1,4,544,1024 256,2176,56,1
1,32,4352,128 512,1088,28,1
1,32,4480,128 512,1120,28,1
1,4,576,1024 256,2304,56,1
1,32,4608,128 512,1152,28,1
1,32,4736,128 512,1184,28,1
1,32,4864,128 512,1216,28,1
1,4,608,1024 256,2432,56,1
1,32,4992,128 512,1248,28,1
1,32,5120,128 512,1280,28,1
1,4,640,1024 256,2560,56,1
1,32,5248,128 512,1312,28,1
1,32,5376,128 512,1344,28,1
1,4,672,1024 256,2688,56,1
1,32,5504,128 512,1376,28,1
1,4,704,1024 256,2816,56,1
1,32,5632,128 512,1408,28,1
1,32,5760,128 512,1440,28,1
1,4,736,1024 256,2944,56,1
1,32,5888,128 512,1472,28,1
1,32,6016,128 512,1504,28,1
1,4,768,1024 256,3072,56,1
1,32,6144,128 512,1536,28,1
1,32,6272,128 512,1568,28,1
1,4,800,1024 256,3200,56,1
1,32,6400,128 512,1600,28,1
1,32,6528,128 512,1632,28,1
1,4,832,1024 256,3328,56,1
1,32,6656,128 512,1664,28,1
1,32,6784,128 512,1696,28,1
1,4,864,1024 256,3456,56,1
1,32,6912,128 512,1728,28,1
1,32,7040,128 512,1760,28,1
1,32,7168,128 512,1792,28,1
1,4,896,1024 256,3584,56,1
1,32,7296,128 512,1824,28,1
1,32,7424,128 512,1856,28,1
1,4,928,1024 256,3712,56,1
1,32,7552,128 512,1888,28,1
1,8,448,512 256,896,56,1
1,32,1792,128 448,512,32,1
1,8,480,512 256,960,56,1
1,32,2016,128 448,576,32,1
1,8,512,512 256,1024,56,1
1,8,544,512 256,1088,56,1
1,32,2240,128 448,640,32,1
1,8,576,512 256,1152,56,1
1,8,608,512 256,1216,56,1
1,32,2464,128 448,704,32,1
1,8,640,512 256,1280,56,1
1,32,2688,128 448,768,32,1
1,8,672,512 256,1344,56,1
1,8,704,512 256,1408,56,1
1,32,2912,128 448,832,32,1
1,8,736,512 256,1472,56,1
1,8,768,512 256,1536,56,1
1,32,3136,128 448,896,32,1
1,8,800,512 256,1600,56,1
1,8,832,512 256,1664,56,1
1,32,3360,128 448,960,32,1
1,8,864,512 256,1728,56,1
1,8,896,512 256,1792,56,1
1,32,3584,128 448,1024,32,1
1,8,928,512 256,1856,56,1
1,32,3808,128 448,1088,32,1
1,8,960,512 256,1920,56,1
1,8,992,512 256,1984,56,1
1,32,4032,128 448,1152,32,1
1,8,1024,512 256,2048,56,1
1,8,1056,512 256,2112,56,1
1,32,4256,128 448,1216,32,1
1,8,1088,512 256,2176,56,1
1,8,1120,512 256,2240,56,1
1,32,4480,128 448,1280,32,1
1,8,1152,512 256,2304,56,1
1,32,4704,128 448,1344,32,1
1,8,1184,512 256,2368,56,1
1,8,1216,512 256,2432,56,1
1,32,4928,128 448,1408,32,1
1,8,1248,512 256,2496,56,1
1,8,1280,512 256,2560,56,1
1,32,5152,128 448,1472,32,1
1,8,1312,512 256,2624,56,1
1,32,5376,128 448,1536,32,1
1,8,1344,512 256,2688,56,1
1,8,1376,512 256,2752,56,1
1,32,5600,128 448,1600,32,1
1,8,1408,512 256,2816,56,1
1,8,1440,512 256,2880,56,1
1,32,5824,128 448,1664,32,1
1,8,1472,512 256,2944,56,1
1,8,1504,512 256,3008,56,1
1,32,6048,128 448,1728,32,1
1,8,1536,512 256,3072,56,1
1,32,6272,128 448,1792,32,1
1,8,1568,512 256,3136,56,1
1,8,1600,512 256,3200,56,1
1,32,6496,128 448,1856,32,1
1,8,1632,512 256,3264,56,1
1,8,1664,512 256,3328,56,1
1,32,6720,128 448,1920,32,1
1,8,1696,512 256,3392,56,1
1,8,1728,512 256,3456,56,1
1,32,6944,128 448,1984,32,1
1,8,1760,512 256,3520,56,1
1,64,3584,64 7168,32,2,1
1,64,7168,64 7168,64,2,1
1,2,224,2048 224,2048,64,1
1,64,10752,64 7168,96,2,1
1,64,3584,64 3584,64,4,1
1,4,224,1024 224,1024,64,1
1,64,5376,64 3584,96,4,1
1,64,7168,64 3584,128,4,1
1,4,448,1024 224,2048,64,1
1,64,8960,64 3584,160,4,1
1,4,672,1024 224,3072,64,1
1,64,10752,64 3584,192,4,1
1,64,12544,64 3584,224,4,1
1,16,800,256 256,800,56,1
1,16,832,256 256,832,56,1
1,16,864,256 256,864,56,1
1,64,3584,64 1792,128,8,1
1,16,896,256 256,896,56,1
1,8,448,512 224,1024,64,1
1,16,928,256 256,928,56,1
1,16,960,256 256,960,56,1
1,16,992,256 256,992,56,1
1,16,1024,256 256,1024,56,1
1,16,1056,256 256,1056,56,1
1,16,1088,256 256,1088,56,1
1,16,1120,256 256,1120,56,1
1,64,4480,64 1792,160,8,1
1,16,1152,256 256,1152,56,1
1,16,1184,256 256,1184,56,1
1,16,1216,256 256,1216,56,1
1,16,1248,256 256,1248,56,1
1,16,1280,256 256,1280,56,1
1,16,1312,256 256,1312,56,1
1,64,5376,64 1792,192,8,1
1,16,1344,256 256,1344,56,1
1,8,672,512 224,1536,64,1
1,16,1376,256 256,1376,56,1
1,16,1408,256 256,1408,56,1
1,16,1440,256 256,1440,56,1
1,16,1472,256 256,1472,56,1
1,16,1504,256 256,1504,56,1
1,16,1536,256 256,1536,56,1
1,16,1568,256 256,1568,56,1
1,64,6272,64 1792,224,8,1
1,16,1600,256 256,1600,56,1
1,16,1632,256 256,1632,56,1
1,16,1664,256 256,1664,56,1
1,16,1696,256 256,1696,56,1
1,16,1728,256 256,1728,56,1
1,16,1760,256 256,1760,56,1
1,16,1792,256 256,1792,56,1
1,64,7168,64 1792,256,8,1
1,8,896,512 224,2048,64,1
1,16,1824,256 256,1824,56,1
1,16,1856,256 256,1856,56,1
1,16,1888,256 256,1888,56,1
1,16,1920,256 256,1920,56,1
1,16,1952,256 256,1952,56,1
1,16,1984,256 256,1984,56,1
1,16,2016,256 256,2016,56,1
1,64,8064,64 1792,288,8,1
1,16,2048,256 256,2048,56,1
1,16,2080,256 256,2080,56,1
1,16,2112,256 256,2112,56,1
1,16,2144,256 256,2144,56,1
1,16,2176,256 256,2176,56,1
1,16,2208,256 256,2208,56,1
1,8,1120,512 224,2560,64,1
1,16,2240,256 256,2240,56,1
1,64,8960,64 1792,320,8,1
1,16,2272,256 256,2272,56,1
1,16,2304,256 256,2304,56,1
1,16,2336,256 256,2336,56,1
1,16,2368,256 256,2368,56,1
1,16,2400,256 256,2400,56,1
1,16,2432,256 256,2432,56,1
1,64,9856,64 1792,352,8,1
1,16,2464,256 256,2464,56,1
1,16,2496,256 256,2496,56,1
1,16,2528,256 256,2528,56,1
1,16,2560,256 256,2560,56,1
1,16,2592,256 256,2592,56,1
1,16,2624,256 256,2624,56,1
1,16,2656,256 256,2656,56,1
1,16,2688,256 256,2688,56,1
1,64,10752,64 1792,384,8,1
1,8,1344,512 224,3072,64,1
1,16,2720,256 256,2720,56,1
1,16,2752,256 256,2752,56,1
1,16,2784,256 256,2784,56,1
1,16,2816,256 256,2816,56,1
1,16,2848,256 256,2848,56,1
1,16,2880,256 256,2880,56,1
1,16,2912,256 256,2912,56,1
1,64,11648,64 1792,416,8,1
1,16,2944,256 256,2944,56,1
1,16,2976,256 256,2976,56,1
1,16,3008,256 256,3008,56,1
1,16,3040,256 256,3040,56,1
1,16,3072,256 256,3072,56,1
1,16,3104,256 256,3104,56,1
1,8,1568,512 224,3584,64,1
1,64,12544,64 1792,448,8,1
1,16,3136,256 256,3136,56,1
1,16,3168,256 256,3168,56,1
1,64,3072,64 1024,192,14,1
1,64,3584,64 1024,224,14,1
1,64,4096,64 1024,256,14,1
1,64,4608,64 1024,288,14,1
1,64,5120,64 1024,320,14,1
1,64,5632,64 1024,352,14,1
1,64,6144,64 1024,384,14,1
1,64,6656,64 1024,416,14,1
1,64,7168,64 1024,448,14,1
1,64,3136,64 896,224,16,1
1,64,7680,64 1024,480,14,1
1,64,8192,64 1024,512,14,1
1,64,8704,64 1024,544,14,1
1,64,9216,64 1024,576,14,1
1,64,9728,64 1024,608,14,1
1,64,3584,64 896,256,16,1
1,16,896,256 224,1024,64,1
1,64,10240,64 1024,640,14,1
1,64,10752,64 1024,672,14,1
1,64,11264,64 1024,704,14,1
1,64,4032,64 896,288,16,1
1,64,4480,64 896,320,16,1
1,16,1120,256 224,1280,64,1
1,64,4928,64 896,352,16,1
1,64,5376,64 896,384,16,1
1,16,1344,256 224,1536,64,1
1,64,5824,64 896,416,16,1
1,64,6272,64 896,448,16,1
1,16,1568,256 224,1792,64,1
1,64,6720,64 896,480,16,1
1,64,7168,64 896,512,16,1
1,16,1792,256 224,2048,64,1
1,64,7616,64 896,544,16,1
1,64,8064,64 896,576,16,1
1,16,2016,256 224,2304,64,1
1,64,8512,64 896,608,16,1
1,16,2240,256 224,2560,64,1
1,64,8960,64 896,640,16,1
1,64,9408,64 896,672,16,1
1,16,2464,256 224,2816,64,1
1,64,9856,64 896,704,16,1
1,64,10304,64 896,736,16,1
1,16,2688,256 224,3072,64,1
1,64,10752,64 896,768,16,1
1,64,11200,64 896,800,16,1
1,32,1344,128 256,672,56,1
1,32,1408,128 256,704,56,1
1,32,1472,128 256,736,56,1
1,32,1536,128 256,768,56,1
1,32,1600,128 256,800,56,1
1,32,1664,128 256,832,56,1
1,32,1728,128 256,864,56,1
1,32,1792,128 256,896,56,1
1,32,1856,128 256,928,56,1
1,32,1920,128 256,960,56,1
1,32,1984,128 256,992,56,1
1,32,2048,128 256,1024,56,1
1,32,2112,128 256,1056,56,1
1,32,2176,128 256,1088,56,1
1,32,2240,128 256,1120,56,1
1,32,2304,128 256,1152,56,1
1,32,2368,128 256,1184,56,1
1,32,2432,128 256,1216,56,1
1,32,2496,128 256,1248,56,1
1,32,2560,128 256,1280,56,1
1,32,2624,128 256,1312,56,1
1,32,2688,128 256,1344,56,1
1,32,2752,128 256,1376,56,1
1,32,2816,128 256,1408,56,1
1,32,2880,128 256,1440,56,1
1,32,2944,128 256,1472,56,1
1,32,3008,128 256,1504,56,1
1,32,3072,128 256,1536,56,1
1,32,3136,128 256,1568,56,1
1,32,3200,128 256,1600,56,1
1,32,3264,128 256,1632,56,1
1,32,3328,128 256,1664,56,1
1,32,3392,128 256,1696,56,1
1,32,3456,128 256,1728,56,1
1,32,3520,128 256,1760,56,1
1,32,3584,128 256,1792,56,1
1,32,3648,128 256,1824,56,1
1,32,3712,128 256,1856,56,1
1,32,3776,128 256,1888,56,1
1,32,3840,128 256,1920,56,1
1,32,3904,128 256,1952,56,1
1,32,3968,128 256,1984,56,1
1,32,4032,128 256,2016,56,1
1,32,4096,128 256,2048,56,1
1,32,4160,128 256,2080,56,1
1,32,4224,128 256,2112,56,1
1,32,4288,128 256,2144,56,1
1,32,4352,128 256,2176,56,1
1,32,4416,128 256,2208,56,1
1,32,4480,128 256,2240,56,1
1,32,4544,128 256,2272,56,1
1,32,4608,128 256,2304,56,1
1,32,4672,128 256,2336,56,1
1,32,4736,128 256,2368,56,1
1,32,4800,128 256,2400,56,1
1,32,4864,128 256,2432,56,1
1,32,4928,128 256,2464,56,1
1,32,4992,128 256,2496,56,1
1,32,5056,128 256,2528,56,1
1,32,5120,128 256,2560,56,1
1,32,5184,128 256,2592,56,1
1,64,2560,64 512,320,28,1
1,64,2816,64 512,352,28,1
1,64,3072,64 512,384,28,1
1,64,3328,64 512,416,28,1
1,64,3584,64 512,448,28,1
1,64,3840,64 512,480,28,1
1,64,4096,64 512,512,28,1
1,64,4352,64 512,544,28,1
1,64,4608,64 512,576,28,1
1,64,4864,64 512,608,28,1
1,64,5120,64 512,640,28,1
1,64,5376,64 512,672,28,1
1,64,5632,64 512,704,28,1
1,64,5888,64 512,736,28,1
1,64,6144,64 512,768,28,1
1,64,6400,64 512,800,28,1
1,64,6656,64 512,832,28,1
1,64,6912,64 512,864,28,1
1,64,7168,64 512,896,28,1
1,64,7424,64 512,928,28,1
1,64,7680,64 512,960,28,1
1,64,7936,64 512,992,28,1
1,64,8192,64 512,1024,28,1
1,64,8448,64 512,1056,28,1
1,64,8704,64 512,1088,28,1
1,64,8960,64 512,1120,28,1
1,64,9216,64 512,1152,28,1
1,64,9472,64 512,1184,28,1
1,64,9728,64 512,1216,28,1
1,64,2464,64 448,352,32,1
1,32,1344,128 224,768,64,1
1,64,2688,64 448,384,32,1
1,64,2912,64 448,416,32,1
1,32,1568,128 224,896,64,1
1,64,3136,64 448,448,32,1
1,64,3360,64 448,480,32,1
1,64,3584,64 448,512,32,1
1,32,1792,128 224,1024,64,1
1,64,3808,64 448,544,32,1
1,32,2016,128 224,1152,64,1
1,64,4032,64 448,576,32,1
1,64,4256,64 448,608,32,1
1,32,2240,128 224,1280,64,1
1,64,4480,64 448,640,32,1
1,64,4704,64 448,672,32,1
1,32,2464,128 224,1408,64,1
1,64,4928,64 448,704,32,1
1,64,5152,64 448,736,32,1
1,32,2688,128 224,1536,64,1
1,64,5376,64 448,768,32,1
1,64,5600,64 448,800,32,1
1,32,2912,128 224,1664,64,1
1,64,5824,64 448,832,32,1
1,64,6048,64 448,864,32,1
1,32,3136,128 224,1792,64,1
1,64,6272,64 448,896,32,1
1,64,6496,64 448,928,32,1
1,32,3360,128 224,1920,64,1
1,64,6720,64 448,960,32,1
1,64,6944,64 448,992,32,1
1,64,7168,64 448,1024,32,1
1,32,3584,128 224,2048,64,1
1,64,7392,64 448,1056,32,1
1,64,7616,64 448,1088,32,1
1,32,3808,128 224,2176,64,1
1,64,7840,64 448,1120,32,1
1,32,4032,128 224,2304,64,1
1,64,8064,64 448,1152,32,1
1,64,8288,64 448,1184,32,1
1,64,8512,64 448,1216,32,1
1,32,4256,128 224,2432,64,1
1,64,8736,64 448,1248,32,1
1,64,8960,64 448,1280,32,1
1,32,4480,128 224,2560,64,1
1,64,9184,64 448,1312,32,1
1,32,4704,128 224,2688,64,1
1,64,9408,64 448,1344,32,1
1,2,64,2048 128,1024,112,1
1,4,128,1024 128,1024,112,1
1,2,96,2048 128,1536,112,1
1,4,160,1024 128,1280,112,1
1,2,128,2048 128,2048,112,1
1,4,192,1024 128,1536,112,1
1,2,160,2048 128,2560,112,1
1,2,192,2048 128,3072,112,1
1,4,224,1024 128,1792,112,1
1,64,1920,64 256,480,56,1
1,2,224,2048 128,3584,112,1
1,4,256,1024 128,2048,112,1
1,64,2048,64 256,512,56,1
1,8,256,512 128,1024,112,1
1,4,288,1024 128,2304,112,1
1,64,2176,64 256,544,56,1
1,4,320,1024 128,2560,112,1
1,64,2304,64 256,576,56,1
1,8,288,512 128,1152,112,1
1,4,352,1024 128,2816,112,1
1,64,2432,64 256,608,56,1
1,4,384,1024 128,3072,112,1
1,4,416,1024 128,3328,112,1
1,64,2560,64 256,640,56,1
1,8,320,512 128,1280,112,1
1,4,448,1024 128,3584,112,1
1,4,480,1024 128,3840,112,1
1,64,2688,64 256,672,56,1
1,64,2816,64 256,704,56,1
1,8,352,512 128,1408,112,1
1,64,2944,64 256,736,56,1
1,8,384,512 128,1536,112,1
1,64,3072,64 256,768,56,1
1,64,3200,64 256,800,56,1
1,64,3328,64 256,832,56,1
1,8,416,512 128,1664,112,1
1,64,3456,64 256,864,56,1
1,8,448,512 128,1792,112,1
1,64,3584,64 256,896,56,1
1,64,3712,64 256,928,56,1
1,8,480,512 128,1920,112,1
1,64,3840,64 256,960,56,1
1,64,3968,64 256,992,56,1
1,8,512,512 128,2048,112,1
1,64,4096,64 256,1024,56,1
1,64,4224,64 256,1056,56,1
1,64,4352,64 256,1088,56,1
1,8,544,512 128,2176,112,1
1,64,4480,64 256,1120,56,1
1,8,576,512 128,2304,112,1
1,64,4608,64 256,1152,56,1
1,64,4736,64 256,1184,56,1
1,8,608,512 128,2432,112,1
1,64,4864,64 256,1216,56,1
1,64,4992,64 256,1248,56,1
1,64,5120,64 256,1280,56,1
1,8,640,512 128,2560,112,1
1,64,5248,64 256,1312,56,1
1,8,672,512 128,2688,112,1
1,64,5376,64 256,1344,56,1
1,64,5504,64 256,1376,56,1
1,64,5632,64 256,1408,56,1
1,8,704,512 128,2816,112,1
1,64,5760,64 256,1440,56,1
1,8,736,512 128,2944,112,1
1,64,5888,64 256,1472,56,1
1,64,6016,64 256,1504,56,1
1,8,768,512 128,3072,112,1
1,64,6144,64 256,1536,56,1
1,64,6272,64 256,1568,56,1
1,8,800,512 128,3200,112,1
1,64,6400,64 256,1600,56,1
1,64,6528,64 256,1632,56,1
1,64,6656,64 256,1664,56,1
1,8,832,512 128,3328,112,1
1,64,6784,64 256,1696,56,1
1,8,864,512 128,3456,112,1
1,64,6912,64 256,1728,56,1
1,64,7040,64 256,1760,56,1
1,64,7168,64 256,1792,56,1
1,8,896,512 128,3584,112,1
1,64,7296,64 256,1824,56,1
1,8,928,512 128,3712,112,1
1,64,7424,64 256,1856,56,1
1,64,7552,64 256,1888,56,1
1,16,448,256 128,896,112,1
1,64,1792,64 224,512,64,1
1,16,480,256 128,960,112,1
1,64,2016,64 224,576,64,1
1,16,512,256 128,1024,112,1
1,16,544,256 128,1088,112,1
1,64,2240,64 224,640,64,1
1,16,576,256 128,1152,112,1
1,16,608,256 128,1216,112,1
1,64,2464,64 224,704,64,1
1,16,640,256 128,1280,112,1
1,64,2688,64 224,768,64,1
1,16,672,256 128,1344,112,1
1,16,704,256 128,1408,112,1
1,64,2912,64 224,832,64,1
1,16,736,256 128,1472,112,1
1,128,3584,32 3584,32,4,1
1,16,768,256 128,1536,112,1
1,64,3136,64 224,896,64,1
1,16,800,256 128,1600,112,1
1,16,832,256 128,1664,112,1
1,64,3360,64 224,960,64,1
1,16,864,256 128,1728,112,1
1,64,3584,64 224,1024,64,1
1,16,896,256 128,1792,112,1
1,16,928,256 128,1856,112,1
1,64,3808,64 224,1088,64,1
1,16,960,256 128,1920,112,1
1,16,992,256 128,1984,112,1
1,64,4032,64 224,1152,64,1
1,16,1024,256 128,2048,112,1
1,16,1056,256 128,2112,112,1
1,64,4256,64 224,1216,64,1
1,16,1088,256 128,2176,112,1
1,64,4480,64 224,1280,64,1
1,16,1120,256 128,2240,112,1
1,16,1152,256 128,2304,112,1
1,64,4704,64 224,1344,64,1
1,16,1184,256 128,2368,112,1
1,16,1216,256 128,2432,112,1
1,64,4928,64 224,1408,64,1
1,16,1248,256 128,2496,112,1
1,16,1280,256 128,2560,112,1
1,64,5152,64 224,1472,64,1
1,16,1312,256 128,2624,112,1
1,16,1344,256 128,2688,112,1
1,64,5376,64 224,1536,64,1
1,16,1376,256 128,2752,112,1
1,64,5600,64 224,1600,64,1
1,16,1408,256 128,2816,112,1
1,16,1440,256 128,2880,112,1
1,64,5824,64 224,1664,64,1
1,16,1472,256 128,2944,112,1
1,128,7168,32 7168,32,2,1
1,16,1504,256 128,3008,112,1
1,64,6048,64 224,1728,64,1
1,16,1536,256 128,3072,112,1
1,64,6272,64 224,1792,64,1
1,16,1568,256 128,3136,112,1
1,16,1600,256 128,3200,112,1
1,64,6496,64 224,1856,64,1
1,16,1632,256 128,3264,112,1
1,16,1664,256 128,3328,112,1
1,64,6720,64 224,1920,64,1
1,16,1696,256 128,3392,112,1
1,16,1728,256 128,3456,112,1
1,64,6944,64 224,1984,64,1
1,16,1760,256 128,3520,112,1
1,8,224,512 112,1024,128,1
1,128,3584,32 1792,64,8,1
1,128,7168,32 3584,64,4,1
1,4,224,1024 112,2048,128,1
1,128,10752,32 3584,96,4,1
1,128,5376,32 1792,96,8,1
1,8,448,512 112,2048,128,1
1,128,7168,32 1792,128,8,1
1,128,8960,32 1792,160,8,1
1,32,800,128 128,800,112,1
1,128,10752,32 1792,192,8,1
1,8,672,512 112,3072,128,1
1,32,832,128 128,832,112,1
1,128,4096,32 1024,128,14,1
1,32,864,128 128,864,112,1
1,128,12544,32 1792,224,8,1
1,16,448,256 112,1024,128,1
1,128,3584,32 896,128,16,1
1,32,896,128 128,896,112,1
1,32,928,128 128,928,112,1
1,32,960,128 128,960,112,1
1,32,992,128 128,992,112,1
1,128,5120,32 1024,160,14,1
1,32,1024,128 128,1024,112,1
1,32,1056,128 128,1056,112,1
1,32,1088,128 128,1088,112,1
1,32,1120,128 128,1120,112,1
1,128,4480,32 896,160,16,1
1,32,1152,128 128,1152,112,1
1,128,6144,32 1024,192,14,1
1,32,1184,128 128,1184,112,1
1,32,1216,128 128,1216,112,1
1,32,1248,128 128,1248,112,1
1,32,1280,128 128,1280,112,1
1,32,1312,128 128,1312,112,1
1,128,7168,32 1024,224,14,1
1,32,1344,128 128,1344,112,1
1,16,672,256 112,1536,128,1
1,128,5376,32 896,192,16,1
1,32,1376,128 128,1376,112,1
1,32,1408,128 128,1408,112,1
1,32,1440,128 128,1440,112,1
1,128,8192,32 1024,256,14,1
1,32,1472,128 128,1472,112,1
1,32,1504,128 128,1504,112,1
1,32,1536,128 128,1536,112,1
1,32,1568,128 128,1568,112,1
1,128,6272,32 896,224,16,1
1,128,9216,32 1024,288,14,1
1,32,1600,128 128,1600,112,1
1,32,1632,128 128,1632,112,1
1,32,1664,128 128,1664,112,1
1,128,10240,32 1024,320,14,1
1,32,1696,128 128,1696,112,1
1,32,1728,128 128,1728,112,1
1,32,1760,128 128,1760,112,1
1,32,1792,128 128,1792,112,1
1,16,896,256 112,2048,128,1
1,128,7168,32 896,256,16,1
1,128,11264,32 1024,352,14,1
1,32,1824,128 128,1824,112,1
1,32,1856,128 128,1856,112,1
1,32,1888,128 128,1888,112,1
1,128,12288,32 1024,384,14,1
1,32,1920,128 128,1920,112,1
1,32,1952,128 128,1952,112,1
1,32,1984,128 128,1984,112,1
1,128,8064,32 896,288,16,1
1,32,2016,128 128,2016,112,1
1,32,2048,128 128,2048,112,1
1,32,2080,128 128,2080,112,1
1,32,2112,128 128,2112,112,1
1,32,2144,128 128,2144,112,1
1,32,2176,128 128,2176,112,1
1,32,2208,128 128,2208,112,1
1,128,8960,32 896,320,16,1
1,16,1120,256 112,2560,128,1
1,32,2240,128 128,2240,112,1
1,32,2272,128 128,2272,112,1
1,32,2304,128 128,2304,112,1
1,32,2336,128 128,2336,112,1
1,32,2368,128 128,2368,112,1
1,32,2400,128 128,2400,112,1
1,32,2432,128 128,2432,112,1
1,32,2464,128 128,2464,112,1
1,128,9856,32 896,352,16,1
1,32,2496,128 128,2496,112,1
1,32,2528,128 128,2528,112,1
1,32,2560,128 128,2560,112,1
1,32,2592,128 128,2592,112,1
1,32,2624,128 128,2624,112,1
1,32,2656,128 128,2656,112,1
1,128,10752,32 896,384,16,1
1,32,2688,128 128,2688,112,1
1,16,1344,256 112,3072,128,1
1,32,2720,128 128,2720,112,1
1,32,2752,128 128,2752,112,1
1,32,2784,128 128,2784,112,1
1,32,2816,128 128,2816,112,1
1,32,2848,128 128,2848,112,1
1,32,2880,128 128,2880,112,1
1,128,11648,32 896,416,16,1
1,32,2912,128 128,2912,112,1
1,32,2944,128 128,2944,112,1
1,32,2976,128 128,2976,112,1
1,32,3008,128 128,3008,112,1
1,32,3040,128 128,3040,112,1
1,32,3072,128 128,3072,112,1
1,32,3104,128 128,3104,112,1
1,16,1568,256 112,3584,128,1
1,32,3136,128 128,3136,112,1
1,128,12544,32 896,448,16,1
1,32,3168,128 128,3168,112,1
1,128,3072,32 512,192,28,1
1,128,3584,32 512,224,28,1
1,128,4096,32 512,256,28,1
1,128,3136,32 448,224,32,1
1,128,4608,32 512,288,28,1
1,128,5120,32 512,320,28,1
1,128,3584,32 448,256,32,1
1,32,896,128 112,1024,128,1
1,128,5632,32 512,352,28,1
1,128,6144,32 512,384,28,1
1,128,4032,32 448,288,32,1
1,128,6656,32 512,416,28,1
1,128,7168,32 512,448,28,1
1,32,1120,128 112,1280,128,1
1,128,4480,32 448,320,32,1
1,128,7680,32 512,480,28,1
1,128,8192,32 512,512,28,1
1,128,8704,32 512,544,28,1
1,128,4928,32 448,352,32,1
1,128,9216,32 512,576,28,1
1,128,9728,32 512,608,28,1
1,128,10240,32 512,640,28,1
1,32,1344,128 112,1536,128,1
1,128,5376,32 448,384,32,1
1,128,10752,32 512,672,28,1
1,128,11264,32 512,704,28,1
1,128,5824,32 448,416,32,1
1,32,1568,128 112,1792,128,1
1,128,6272,32 448,448,32,1
1,128,6720,32 448,480,32,1
1,128,7168,32 448,512,32,1
1,32,1792,128 112,2048,128,1
1,128,7616,32 448,544,32,1
1,128,8064,32 448,576,32,1
1,32,2016,128 112,2304,128,1
1,128,8512,32 448,608,32,1
1,32,2240,128 112,2560,128,1
1,128,8960,32 448,640,32,1
1,128,9408,32 448,672,32,1
1,128,9856,32 448,704,32,1
1,32,2464,128 112,2816,128,1
1,128,10304,32 448,736,32,1
1,128,10752,32 448,768,32,1
1,32,2688,128 112,3072,128,1
1,128,11200,32 448,800,32,1
1,64,1344,64 128,672,112,1
1,64,1408,64 128,704,112,1
1,64,1472,64 128,736,112,1
1,64,1536,64 128,768,112,1
1,64,1600,64 128,800,112,1
1,64,1664,64 128,832,112,1
1,64,1728,64 128,864,112,1
1,64,1792,64 128,896,112,1
1,64,1856,64 128,928,112,1
1,64,1920,64 128,960,112,1
1,64,1984,64 128,992,112,1
1,64,2048,64 128,1024,112,1
1,64,2112,64 128,1056,112,1
1,64,2176,64 128,1088,112,1
1,64,2240,64 128,1120,112,1
1,128,2560,32 256,320,56,1
1,64,2304,64 128,1152,112,1
1,64,2368,64 128,1184,112,1
1,64,2432,64 128,1216,112,1
1,64,2496,64 128,1248,112,1
1,64,2560,64 128,1280,112,1
1,64,2624,64 128,1312,112,1
1,128,2816,32 256,352,56,1
1,64,2688,64 128,1344,112,1
1,64,2752,64 128,1376,112,1
1,64,2816,64 128,1408,112,1
1,64,2880,64 128,1440,112,1
1,64,2944,64 128,1472,112,1
1,64,3008,64 128,1504,112,1
1,64,3072,64 128,1536,112,1
1,128,3072,32 256,384,56,1
1,64,3136,64 128,1568,112,1
1,64,3200,64 128,1600,112,1
1,64,3264,64 128,1632,112,1
1,64,3328,64 128,1664,112,1
1,64,3392,64 128,1696,112,1
1,64,3456,64 128,1728,112,1
1,64,3520,64 128,1760,112,1
1,64,3584,64 128,1792,112,1
1,64,3648,64 128,1824,112,1
1,128,3328,32 256,416,56,1
1,64,3712,64 128,1856,112,1
1,64,3776,64 128,1888,112,1
1,64,3840,64 128,1920,112,1
1,64,3904,64 128,1952,112,1
1,64,3968,64 128,1984,112,1
1,64,4032,64 128,2016,112,1
1,64,4096,64 128,2048,112,1
1,64,4160,64 128,2080,112,1
1,64,4224,64 128,2112,112,1
1,64,4288,64 128,2144,112,1
1,128,3584,32 256,448,56,1
1,64,4352,64 128,2176,112,1
1,64,4416,64 128,2208,112,1
1,64,4480,64 128,2240,112,1
1,64,4544,64 128,2272,112,1
1,64,4608,64 128,2304,112,1
1,64,4672,64 128,2336,112,1
1,64,4736,64 128,2368,112,1
1,64,4800,64 128,2400,112,1
1,64,4864,64 128,2432,112,1
1,64,4928,64 128,2464,112,1
1,64,4992,64 128,2496,112,1
1,64,5056,64 128,2528,112,1
1,128,3840,32 256,480,56,1
1,64,5120,64 128,2560,112,1
1,64,5184,64 128,2592,112,1
1,128,2464,32 224,352,64,1
1,128,4096,32 256,512,56,1
1,128,4352,32 256,544,56,1
1,128,4608,32 256,576,56,1
1,128,2688,32 224,384,64,1
1,64,1344,64 112,768,128,1
1,128,4864,32 256,608,56,1
1,128,5120,32 256,640,56,1
1,128,5376,32 256,672,56,1
1,128,2912,32 224,416,64,1
1,128,5632,32 256,704,56,1
1,128,5888,32 256,736,56,1
1,128,6144,32 256,768,56,1
1,128,3136,32 224,448,64,1
1,64,1568,64 112,896,128,1
1,128,6400,32 256,800,56,1
1,128,6656,32 256,832,56,1
1,128,6912,32 256,864,56,1
1,128,3360,32 224,480,64,1
1,128,7168,32 256,896,56,1
1,128,7424,32 256,928,56,1
1,128,7680,32 256,960,56,1
1,128,7936,32 256,992,56,1
1,64,1792,64 112,1024,128,1
1,128,3584,32 224,512,64,1
1,128,8192,32 256,1024,56,1
1,128,8448,32 256,1056,56,1
1,128,8704,32 256,1088,56,1
1,128,8960,32 256,1120,56,1
1,128,9216,32 256,1152,56,1
1,128,3808,32 224,544,64,1
1,128,9472,32 256,1184,56,1
1,128,9728,32 256,1216,56,1
1,64,2016,64 112,1152,128,1
1,128,4032,32 224,576,64,1
1,128,4256,32 224,608,64,1
1,128,4480,32 224,640,64,1
1,64,2240,64 112,1280,128,1
1,128,4704,32 224,672,64,1
1,128,4928,32 224,704,64,1
1,64,2464,64 112,1408,128,1
1,128,5152,32 224,736,64,1
1,64,2688,64 112,1536,128,1
1,128,5376,32 224,768,64,1
1,128,5600,32 224,800,64,1
1,64,2912,64 112,1664,128,1
1,128,5824,32 224,832,64,1
1,128,6048,32 224,864,64,1
1,128,6272,32 224,896,64,1
1,64,3136,64 112,1792,128,1
1,128,6496,32 224,928,64,1
1,64,3360,64 112,1920,128,1
1,128,6720,32 224,960,64,1
1,128,6944,32 224,992,64,1
1,128,7168,32 224,1024,64,1
1,64,3584,64 112,2048,128,1
1,128,7392,32 224,1056,64,1
1,128,7616,32 224,1088,64,1
1,64,3808,64 112,2176,128,1
1,128,7840,32 224,1120,64,1
1,128,8064,32 224,1152,64,1
1,64,4032,64 112,2304,128,1
1,128,8288,32 224,1184,64,1
1,64,4256,64 112,2432,128,1
1,128,8512,32 224,1216,64,1
1,128,8736,32 224,1248,64,1
1,64,4480,64 112,2560,128,1
1,128,8960,32 224,1280,64,1
1,128,9184,32 224,1312,64,1
1,64,4704,64 112,2688,128,1
1,128,9408,32 224,1344,64,1
1,2,32,2048 64,1024,224,1
1,4,64,1024 64,1024,224,1
