1,2,512,7168 2048,1792,2,1
1,2,576,7168 2048,2016,2,1
1,2,640,7168 2048,2240,2,1
1,2,704,7168 2048,2464,2,1
1,2,768,7168 2048,2688,2,1
1,2,832,7168 2048,2912,2,1
1,2,896,7168 2048,3136,2,1
1,2,960,7168 2048,3360,2,1
1,2,1024,7168 2048,3584,2,1
1,2,1088,7168 2048,3808,2,1
1,2,1152,7168 2048,4032,2,1
1,2,1216,7168 2048,4256,2,1
1,2,1280,7168 2048,4480,2,1
1,2,1344,7168 2048,4704,2,1
1,2,1408,7168 2048,4928,2,1
1,2,1472,7168 2048,5152,2,1
1,2,1536,7168 2048,5376,2,1
1,2,1600,7168 2048,5600,2,1
1,2,1664,7168 2048,5824,2,1
1,2,1728,7168 2048,6048,2,1
1,2,1792,7168 2048,6272,2,1
1,2,1856,7168 2048,6496,2,1
1,2,1920,7168 2048,6720,2,1
1,2,1984,7168 2048,6944,2,1
1,2,352,7168 1024,2464,4,1
1,2,384,7168 1024,2688,4,1
1,4,768,3584 2048,1344,2,1
1,2,416,7168 1024,2912,4,1
1,2,448,7168 1024,3136,4,1
1,4,896,3584 2048,1568,2,1
1,2,480,7168 1024,3360,4,1
1,4,1024,3584 2048,1792,2,1
1,2,512,7168 1024,3584,4,1
1,2,544,7168 1024,3808,4,1
1,2,576,7168 1024,4032,4,1
1,4,1152,3584 2048,2016,2,1
1,2,608,7168 1024,4256,4,1
1,4,1280,3584 2048,2240,2,1
1,2,640,7168 1024,4480,4,1
1,2,672,7168 1024,4704,4,1
1,2,704,7168 1024,4928,4,1
1,4,1408,3584 2048,2464,2,1
1,2,736,7168 1024,5152,4,1
1,4,1536,3584 2048,2688,2,1
1,2,768,7168 1024,5376,4,1
1,2,800,7168 1024,5600,4,1
1,4,1664,3584 2048,2912,2,1
1,2,832,7168 1024,5824,4,1
1,2,864,7168 1024,6048,4,1
1,2,896,7168 1024,6272,4,1
1,4,1792,3584 2048,3136,2,1
1,2,928,7168 1024,6496,4,1
1,4,1920,3584 2048,3360,2,1
1,2,960,7168 1024,6720,4,1
1,2,992,7168 1024,6944,4,1
1,2,1024,7168 1024,7168,4,1
1,4,2048,3584 2048,3584,2,1
1,2,1056,7168 1024,7392,4,1
1,4,2176,3584 2048,3808,2,1
1,2,1088,7168 1024,7616,4,1
1,2,1120,7168 1024,7840,4,1
1,4,2304,3584 2048,4032,2,1
1,2,1152,7168 1024,8064,4,1
1,2,1184,7168 1024,8288,4,1
1,4,2432,3584 2048,4256,2,1
1,2,1216,7168 1024,8512,4,1
1,2,1248,7168 1024,8736,4,1
1,4,2560,3584 2048,4480,2,1
1,2,1280,7168 1024,8960,4,1
1,2,1312,7168 1024,9184,4,1
1,4,2688,3584 2048,4704,2,1
1,2,1344,7168 1024,9408,4,1
1,4,512,3584 1024,1792,4,1
1,4,576,3584 1024,2016,4,1
1,4,640,3584 1024,2240,4,1
1,4,704,3584 1024,2464,4,1
1,4,768,3584 1024,2688,4,1
1,4,832,3584 1024,2912,4,1
1,4,896,3584 1024,3136,4,1
1,4,960,3584 1024,3360,4,1
1,4,1024,3584 1024,3584,4,1
1,4,1088,3584 1024,3808,4,1
1,4,1152,3584 1024,4032,4,1
1,4,1216,3584 1024,4256,4,1
1,4,1280,3584 1024,4480,4,1
1,4,1344,3584 1024,4704,4,1
1,4,1408,3584 1024,4928,4,1
1,4,1472,3584 1024,5152,4,1
1,4,1536,3584 1024,5376,4,1
1,4,1600,3584 1024,5600,4,1
1,4,1664,3584 1024,5824,4,1
1,4,1728,3584 1024,6048,4,1
1,4,1792,3584 1024,6272,4,1
1,4,1856,3584 1024,6496,4,1
1,4,1920,3584 1024,6720,4,1
1,4,1984,3584 1024,6944,4,1
1,2,224,7168 512,3136,8,1
1,2,256,7168 512,3584,8,1
1,8,1024,1792 2048,896,2,1
1,2,288,7168 512,4032,8,1
1,8,1280,1792 2048,1120,2,1
1,2,320,7168 512,4480,8,1
1,2,352,7168 512,4928,8,1
1,8,1536,1792 2048,1344,2,1
1,2,384,7168 512,5376,8,1
1,2,416,7168 512,5824,8,1
1,8,1792,1792 2048,1568,2,1
1,2,448,7168 512,6272,8,1
1,2,480,7168 512,6720,8,1
1,8,2048,1792 2048,1792,2,1
1,2,512,7168 512,7168,8,1
1,2,544,7168 512,7616,8,1
1,8,2304,1792 2048,2016,2,1
1,2,576,7168 512,8064,8,1
1,2,608,7168 512,8512,8,1
1,2,640,7168 512,8960,8,1
1,8,2560,1792 2048,2240,2,1
1,2,672,7168 512,9408,8,1
1,8,2816,1792 2048,2464,2,1
1,2,704,7168 512,9856,8,1
1,2,736,7168 512,10304,8,1
1,8,3072,1792 2048,2688,2,1
1,2,768,7168 512,10752,8,1
1,2,800,7168 512,11200,8,1
1,4,352,3584 512,2464,8,1
1,4,384,3584 512,2688,8,1
1,8,768,1792 1024,1344,4,1
1,4,416,3584 512,2912,8,1
1,8,896,1792 1024,1568,4,1
1,4,448,3584 512,3136,8,1
1,4,480,3584 512,3360,8,1
1,4,512,3584 512,3584,8,1
1,8,1024,1792 1024,1792,4,1
1,4,544,3584 512,3808,8,1
1,4,576,3584 512,4032,8,1
1,8,1152,1792 1024,2016,4,1
1,4,608,3584 512,4256,8,1
1,8,1280,1792 1024,2240,4,1
1,4,640,3584 512,4480,8,1
1,4,672,3584 512,4704,8,1
1,4,704,3584 512,4928,8,1
1,8,1408,1792 1024,2464,4,1
1,4,736,3584 512,5152,8,1
1,4,768,3584 512,5376,8,1
1,8,1536,1792 1024,2688,4,1
1,4,800,3584 512,5600,8,1
1,4,832,3584 512,5824,8,1
1,8,1664,1792 1024,2912,4,1
1,4,864,3584 512,6048,8,1
1,8,1792,1792 1024,3136,4,1
1,4,896,3584 512,6272,8,1
1,4,928,3584 512,6496,8,1
1,4,960,3584 512,6720,8,1
1,8,1920,1792 1024,3360,4,1
1,4,992,3584 512,6944,8,1
1,8,2048,1792 1024,3584,4,1
1,4,1024,3584 512,7168,8,1
1,4,1056,3584 512,7392,8,1
1,4,1088,3584 512,7616,8,1
1,8,2176,1792 1024,3808,4,1
1,4,1120,3584 512,7840,8,1
1,8,2304,1792 1024,4032,4,1
1,4,1152,3584 512,8064,8,1
1,4,1184,3584 512,8288,8,1
1,4,1216,3584 512,8512,8,1
1,8,2432,1792 1024,4256,4,1
1,4,1248,3584 512,8736,8,1
1,4,1280,3584 512,8960,8,1
1,8,2560,1792 1024,4480,4,1
1,4,1312,3584 512,9184,8,1
1,4,1344,3584 512,9408,8,1
1,8,2688,1792 1024,4704,4,1
1,14,896,1024 2048,448,2,1
1,8,512,1792 512,1792,8,1
1,14,960,1024 2048,480,2,1
1,8,576,1792 512,2016,8,1
1,14,1024,1024 2048,512,2,1
1,14,1088,1024 2048,544,2,1
1,8,640,1792 512,2240,8,1
1,14,1152,1024 2048,576,2,1
1,14,1216,1024 2048,608,2,1
1,8,704,1792 512,2464,8,1
1,14,1280,1024 2048,640,2,1
1,14,1344,1024 2048,672,2,1
1,8,768,1792 512,2688,8,1
1,14,1408,1024 2048,704,2,1
1,8,832,1792 512,2912,8,1
1,14,1472,1024 2048,736,2,1
1,14,1536,1024 2048,768,2,1
1,8,896,1792 512,3136,8,1
1,14,1600,1024 2048,800,2,1
1,14,1664,1024 2048,832,2,1
1,8,960,1792 512,3360,8,1
1,14,1728,1024 2048,864,2,1
1,8,1024,1792 512,3584,8,1
1,14,1792,1024 2048,896,2,1
1,14,1856,1024 2048,928,2,1
1,8,1088,1792 512,3808,8,1
1,14,1920,1024 2048,960,2,1
1,14,1984,1024 2048,992,2,1
1,8,1152,1792 512,4032,8,1
1,14,2048,1024 2048,1024,2,1
1,14,2112,1024 2048,1056,2,1
1,8,1216,1792 512,4256,8,1
1,14,2176,1024 2048,1088,2,1
1,8,1280,1792 512,4480,8,1
1,14,2240,1024 2048,1120,2,1
1,14,2304,1024 2048,1152,2,1
1,8,1344,1792 512,4704,8,1
1,14,2368,1024 2048,1184,2,1
1,14,2432,1024 2048,1216,2,1
1,8,1408,1792 512,4928,8,1
1,14,2496,1024 2048,1248,2,1
1,14,2560,1024 2048,1280,2,1
1,8,1472,1792 512,5152,8,1
1,14,2624,1024 2048,1312,2,1
1,8,1536,1792 512,5376,8,1
1,14,2688,1024 2048,1344,2,1
1,14,2752,1024 2048,1376,2,1
1,8,1600,1792 512,5600,8,1
1,14,2816,1024 2048,1408,2,1
1,14,2880,1024 2048,1440,2,1
1,8,1664,1792 512,5824,8,1
1,14,2944,1024 2048,1472,2,1
1,14,3008,1024 2048,1504,2,1
1,8,1728,1792 512,6048,8,1
1,14,3072,1024 2048,1536,2,1
1,8,1792,1792 512,6272,8,1
1,14,3136,1024 2048,1568,2,1
1,14,3200,1024 2048,1600,2,1
1,8,1856,1792 512,6496,8,1
1,14,3264,1024 2048,1632,2,1
1,14,3328,1024 2048,1664,2,1
1,8,1920,1792 512,6720,8,1
1,14,3392,1024 2048,1696,2,1
1,14,3456,1024 2048,1728,2,1
1,8,1984,1792 512,6944,8,1
1,14,3520,1024 2048,1760,2,1
1,14,800,1024 1024,800,4,1
1,14,832,1024 1024,832,4,1
1,14,864,1024 1024,864,4,1
1,14,896,1024 1024,896,4,1
1,2,128,7168 256,3584,16,1
1,16,1024,896 2048,448,2,1
1,14,928,1024 1024,928,4,1
1,14,960,1024 1024,960,4,1
1,14,992,1024 1024,992,4,1
1,14,1024,1024 1024,1024,4,1
1,14,1056,1024 1024,1056,4,1
1,14,1088,1024 1024,1088,4,1
1,14,1120,1024 1024,1120,4,1
1,2,160,7168 256,4480,16,1
1,14,1152,1024 1024,1152,4,1
1,14,1184,1024 1024,1184,4,1
1,14,1216,1024 1024,1216,4,1
1,14,1248,1024 1024,1248,4,1
1,14,1280,1024 1024,1280,4,1
1,14,1312,1024 1024,1312,4,1
1,2,192,7168 256,5376,16,1
1,16,1536,896 2048,672,2,1
1,14,1344,1024 1024,1344,4,1
1,14,1376,1024 1024,1376,4,1
1,14,1408,1024 1024,1408,4,1
1,14,1440,1024 1024,1440,4,1
1,14,1472,1024 1024,1472,4,1
1,14,1504,1024 1024,1504,4,1
1,14,1536,1024 1024,1536,4,1
1,14,1568,1024 1024,1568,4,1
1,2,224,7168 256,6272,16,1
1,14,1600,1024 1024,1600,4,1
1,14,1632,1024 1024,1632,4,1
1,14,1664,1024 1024,1664,4,1
1,14,1696,1024 1024,1696,4,1
1,14,1728,1024 1024,1728,4,1
1,14,1760,1024 1024,1760,4,1
1,2,256,7168 256,7168,16,1
1,14,1792,1024 1024,1792,4,1
1,16,2048,896 2048,896,2,1
1,14,1824,1024 1024,1824,4,1
1,14,1856,1024 1024,1856,4,1
1,14,1888,1024 1024,1888,4,1
1,14,1920,1024 1024,1920,4,1
1,14,1952,1024 1024,1952,4,1
1,14,1984,1024 1024,1984,4,1
1,2,288,7168 256,8064,16,1
1,14,2016,1024 1024,2016,4,1
1,14,2048,1024 1024,2048,4,1
1,14,2080,1024 1024,2080,4,1
1,14,2112,1024 1024,2112,4,1
1,14,2144,1024 1024,2144,4,1
1,14,2176,1024 1024,2176,4,1
1,14,2208,1024 1024,2208,4,1
1,2,320,7168 256,8960,16,1
1,16,2560,896 2048,1120,2,1
1,14,2240,1024 1024,2240,4,1
1,14,2272,1024 1024,2272,4,1
1,14,2304,1024 1024,2304,4,1
1,14,2336,1024 1024,2336,4,1
1,14,2368,1024 1024,2368,4,1
1,14,2400,1024 1024,2400,4,1
1,14,2432,1024 1024,2432,4,1
1,2,352,7168 256,9856,16,1
1,14,2464,1024 1024,2464,4,1
1,14,2496,1024 1024,2496,4,1
1,14,2528,1024 1024,2528,4,1
1,14,2560,1024 1024,2560,4,1
1,14,2592,1024 1024,2592,4,1
1,14,2624,1024 1024,2624,4,1
1,14,2656,1024 1024,2656,4,1
1,2,384,7168 256,10752,16,1
1,16,3072,896 2048,1344,2,1
1,14,2688,1024 1024,2688,4,1
1,14,2720,1024 1024,2720,4,1
1,14,2752,1024 1024,2752,4,1
1,14,2784,1024 1024,2784,4,1
1,14,2816,1024 1024,2816,4,1
1,14,2848,1024 1024,2848,4,1
1,14,2880,1024 1024,2880,4,1
1,2,416,7168 256,11648,16,1
1,14,2912,1024 1024,2912,4,1
1,14,2944,1024 1024,2944,4,1
1,14,2976,1024 1024,2976,4,1
1,14,3008,1024 1024,3008,4,1
1,14,3040,1024 1024,3040,4,1
1,14,3072,1024 1024,3072,4,1
1,14,3104,1024 1024,3104,4,1
1,2,448,7168 256,12544,16,1
1,16,3584,896 2048,1568,2,1
1,14,3136,1024 1024,3136,4,1
1,14,3168,1024 1024,3168,4,1
1,4,224,3584 256,3136,16,1
1,16,1024,896 1024,896,4,1
1,4,256,3584 256,3584,16,1
1,4,288,3584 256,4032,16,1
1,16,1280,896 1024,1120,4,1
1,4,320,3584 256,4480,16,1
1,4,352,3584 256,4928,16,1
1,16,1536,896 1024,1344,4,1
1,4,384,3584 256,5376,16,1
1,4,416,3584 256,5824,16,1
1,16,1792,896 1024,1568,4,1
1,4,448,3584 256,6272,16,1
1,4,480,3584 256,6720,16,1
1,16,2048,896 1024,1792,4,1
1,4,512,3584 256,7168,16,1
1,4,544,3584 256,7616,16,1
1,16,2304,896 1024,2016,4,1
1,4,576,3584 256,8064,16,1
1,4,608,3584 256,8512,16,1
1,4,640,3584 256,8960,16,1
1,16,2560,896 1024,2240,4,1
1,4,672,3584 256,9408,16,1
1,4,704,3584 256,9856,16,1
1,16,2816,896 1024,2464,4,1
1,4,736,3584 256,10304,16,1
1,4,768,3584 256,10752,16,1
1,16,3072,896 1024,2688,4,1
1,4,800,3584 256,11200,16,1
1,14,672,1024 512,1344,8,1
1,14,704,1024 512,1408,8,1
1,14,736,1024 512,1472,8,1
1,14,768,1024 512,1536,8,1
1,14,800,1024 512,1600,8,1
1,14,832,1024 512,1664,8,1
1,14,864,1024 512,1728,8,1
1,14,896,1024 512,1792,8,1
1,14,928,1024 512,1856,8,1
1,14,960,1024 512,1920,8,1
1,14,992,1024 512,1984,8,1
1,14,1024,1024 512,2048,8,1
1,14,1056,1024 512,2112,8,1
1,14,1088,1024 512,2176,8,1
1,14,1120,1024 512,2240,8,1
1,14,1152,1024 512,2304,8,1
1,14,1184,1024 512,2368,8,1
1,14,1216,1024 512,2432,8,1
1,14,1248,1024 512,2496,8,1
1,14,1280,1024 512,2560,8,1
1,14,1312,1024 512,2624,8,1
1,14,1344,1024 512,2688,8,1
1,14,1376,1024 512,2752,8,1
1,14,1408,1024 512,2816,8,1
1,14,1440,1024 512,2880,8,1
1,14,1472,1024 512,2944,8,1
1,14,1504,1024 512,3008,8,1
1,14,1536,1024 512,3072,8,1
1,14,1568,1024 512,3136,8,1
1,14,1600,1024 512,3200,8,1
1,14,1632,1024 512,3264,8,1
1,14,1664,1024 512,3328,8,1
1,14,1696,1024 512,3392,8,1
1,14,1728,1024 512,3456,8,1
1,14,1760,1024 512,3520,8,1
1,14,1792,1024 512,3584,8,1
1,14,1824,1024 512,3648,8,1
1,14,1856,1024 512,3712,8,1
1,14,1888,1024 512,3776,8,1
1,14,1920,1024 512,3840,8,1
1,14,1952,1024 512,3904,8,1
1,14,1984,1024 512,3968,8,1
1,14,2016,1024 512,4032,8,1
1,14,2048,1024 512,4096,8,1
1,14,2080,1024 512,4160,8,1
1,14,2112,1024 512,4224,8,1
1,14,2144,1024 512,4288,8,1
1,14,2176,1024 512,4352,8,1
1,14,2208,1024 512,4416,8,1
1,14,2240,1024 512,4480,8,1
1,14,2272,1024 512,4544,8,1
1,14,2304,1024 512,4608,8,1
1,14,2336,1024 512,4672,8,1
1,14,2368,1024 512,4736,8,1
1,14,2400,1024 512,4800,8,1
1,14,2432,1024 512,4864,8,1
1,14,2464,1024 512,4928,8,1
1,14,2496,1024 512,4992,8,1
1,14,2528,1024 512,5056,8,1
1,14,2560,1024 512,5120,8,1
1,14,2592,1024 512,5184,8,1
1,8,352,1792 256,2464,16,1
1,8,384,1792 256,2688,16,1
1,16,768,896 512,1344,8,1
1,8,416,1792 256,2912,16,1
1,8,448,1792 256,3136,16,1
1,16,896,896 512,1568,8,1
1,8,480,1792 256,3360,16,1
1,16,1024,896 512,1792,8,1
1,8,512,1792 256,3584,16,1
1,8,544,1792 256,3808,16,1
1,16,1152,896 512,2016,8,1
1,8,576,1792 256,4032,16,1
1,8,608,1792 256,4256,16,1
1,16,1280,896 512,2240,8,1
1,8,640,1792 256,4480,16,1
1,8,672,1792 256,4704,16,1
1,8,704,1792 256,4928,16,1
1,16,1408,896 512,2464,8,1
1,8,736,1792 256,5152,16,1
1,8,768,1792 256,5376,16,1
1,16,1536,896 512,2688,8,1
1,8,800,1792 256,5600,16,1
1,8,832,1792 256,5824,16,1
1,16,1664,896 512,2912,8,1
1,8,864,1792 256,6048,16,1
1,8,896,1792 256,6272,16,1
1,16,1792,896 512,3136,8,1
1,8,928,1792 256,6496,16,1
1,16,1920,896 512,3360,8,1
1,8,960,1792 256,6720,16,1
1,8,992,1792 256,6944,16,1
1,16,2048,896 512,3584,8,1
1,8,1024,1792 256,7168,16,1
1,8,1056,1792 256,7392,16,1
1,8,1088,1792 256,7616,16,1
1,16,2176,896 512,3808,8,1
1,8,1120,1792 256,7840,16,1
1,8,1152,1792 256,8064,16,1
1,16,2304,896 512,4032,8,1
1,8,1184,1792 256,8288,16,1
1,8,1216,1792 256,8512,16,1
1,16,2432,896 512,4256,8,1
1,8,1248,1792 256,8736,16,1
1,16,2560,896 512,4480,8,1
1,8,1280,1792 256,8960,16,1
1,8,1312,1792 256,9184,16,1
1,16,2688,896 512,4704,8,1
1,8,1344,1792 256,9408,16,1
1,14,480,1024 256,1920,16,1
1,14,512,1024 256,2048,16,1
1,28,1024,512 2048,256,2,1
1,14,544,1024 256,2176,16,1
1,14,576,1024 256,2304,16,1
1,28,1152,512 2048,288,2,1
1,14,608,1024 256,2432,16,1
1,14,640,1024 256,2560,16,1
1,28,1280,512 2048,320,2,1
1,14,672,1024 256,2688,16,1
1,28,1408,512 2048,352,2,1
1,14,704,1024 256,2816,16,1
1,14,736,1024 256,2944,16,1
1,28,1536,512 2048,384,2,1
1,14,768,1024 256,3072,16,1
1,14,800,1024 256,3200,16,1
1,14,832,1024 256,3328,16,1
1,28,1664,512 2048,416,2,1
1,14,864,1024 256,3456,16,1
1,28,1792,512 2048,448,2,1
1,14,896,1024 256,3584,16,1
1,14,928,1024 256,3712,16,1
1,14,960,1024 256,3840,16,1
1,28,1920,512 2048,480,2,1
1,14,992,1024 256,3968,16,1
1,28,2048,512 2048,512,2,1
1,14,1024,1024 256,4096,16,1
1,14,1056,1024 256,4224,16,1
1,14,1088,1024 256,4352,16,1
1,28,2176,512 2048,544,2,1
1,14,1120,1024 256,4480,16,1
1,14,1152,1024 256,4608,16,1
1,28,2304,512 2048,576,2,1
1,14,1184,1024 256,4736,16,1
1,14,1216,1024 256,4864,16,1
1,28,2432,512 2048,608,2,1
1,14,1248,1024 256,4992,16,1
1,28,2560,512 2048,640,2,1
1,14,1280,1024 256,5120,16,1
1,14,1312,1024 256,5248,16,1
1,14,1344,1024 256,5376,16,1
1,28,2688,512 2048,672,2,1
1,14,1376,1024 256,5504,16,1
1,14,1408,1024 256,5632,16,1
1,28,2816,512 2048,704,2,1
1,14,1440,1024 256,5760,16,1
1,14,1472,1024 256,5888,16,1
1,28,2944,512 2048,736,2,1
1,14,1504,1024 256,6016,16,1
1,28,3072,512 2048,768,2,1
1,14,1536,1024 256,6144,16,1
1,14,1568,1024 256,6272,16,1
1,14,1600,1024 256,6400,16,1
1,28,3200,512 2048,800,2,1
1,14,1632,1024 256,6528,16,1
1,28,3328,512 2048,832,2,1
1,14,1664,1024 256,6656,16,1
1,14,1696,1024 256,6784,16,1
1,14,1728,1024 256,6912,16,1
1,28,3456,512 2048,864,2,1
1,14,1760,1024 256,7040,16,1
1,14,1792,1024 256,7168,16,1
1,28,3584,512 2048,896,2,1
1,14,1824,1024 256,7296,16,1
1,14,1856,1024 256,7424,16,1
1,28,3712,512 2048,928,2,1
1,14,1888,1024 256,7552,16,1
1,16,512,896 256,1792,16,1
1,28,896,512 1024,448,4,1
1,28,960,512 1024,480,4,1
1,16,576,896 256,2016,16,1
1,28,1024,512 1024,512,4,1
1,28,1088,512 1024,544,4,1
1,16,640,896 256,2240,16,1
1,28,1152,512 1024,576,4,1
1,28,1216,512 1024,608,4,1
1,16,704,896 256,2464,16,1
1,28,1280,512 1024,640,4,1
1,28,1344,512 1024,672,4,1
1,16,768,896 256,2688,16,1
1,28,1408,512 1024,704,4,1
1,16,832,896 256,2912,16,1
1,28,1472,512 1024,736,4,1
1,28,1536,512 1024,768,4,1
1,16,896,896 256,3136,16,1
1,28,1600,512 1024,800,4,1
1,28,1664,512 1024,832,4,1
1,16,960,896 256,3360,16,1
1,28,1728,512 1024,864,4,1
1,16,1024,896 256,3584,16,1
1,28,1792,512 1024,896,4,1
1,28,1856,512 1024,928,4,1
1,16,1088,896 256,3808,16,1
1,28,1920,512 1024,960,4,1
1,28,1984,512 1024,992,4,1
1,16,1152,896 256,4032,16,1
1,28,2048,512 1024,1024,4,1
1,28,2112,512 1024,1056,4,1
1,16,1216,896 256,4256,16,1
1,28,2176,512 1024,1088,4,1
1,28,2240,512 1024,1120,4,1
1,16,1280,896 256,4480,16,1
1,28,2304,512 1024,1152,4,1
1,16,1344,896 256,4704,16,1
1,28,2368,512 1024,1184,4,1
1,28,2432,512 1024,1216,4,1
1,16,1408,896 256,4928,16,1
1,28,2496,512 1024,1248,4,1
1,28,2560,512 1024,1280,4,1
1,16,1472,896 256,5152,16,1
1,28,2624,512 1024,1312,4,1
1,16,1536,896 256,5376,16,1
1,28,2688,512 1024,1344,4,1
1,28,2752,512 1024,1376,4,1
1,16,1600,896 256,5600,16,1
1,28,2816,512 1024,1408,4,1
1,28,2880,512 1024,1440,4,1
1,16,1664,896 256,5824,16,1
1,28,2944,512 1024,1472,4,1
1,28,3008,512 1024,1504,4,1
1,16,1728,896 256,6048,16,1
1,28,3072,512 1024,1536,4,1
1,28,3136,512 1024,1568,4,1
1,16,1792,896 256,6272,16,1
1,28,3200,512 1024,1600,4,1
1,16,1856,896 256,6496,16,1
1,28,3264,512 1024,1632,4,1
1,28,3328,512 1024,1664,4,1
1,16,1920,896 256,6720,16,1
1,28,3392,512 1024,1696,4,1
1,28,3456,512 1024,1728,4,1
1,16,1984,896 256,6944,16,1
1,28,3520,512 1024,1760,4,1
1,32,1024,448 2048,224,2,1
1,2,64,7168 128,3584,32,1
1,2,96,7168 128,5376,32,1
1,32,2048,448 2048,448,2,1
1,2,128,7168 128,7168,32,1
1,2,160,7168 128,8960,32,1
1,2,192,7168 128,10752,32,1
1,32,3072,448 2048,672,2,1
1,2,224,7168 128,12544,32,1
1,28,800,512 512,800,8,1
1,28,832,512 512,832,8,1
1,28,864,512 512,864,8,1
1,32,1024,448 1024,448,4,1
1,4,128,3584 128,3584,32,1
1,28,896,512 512,896,8,1
1,28,928,512 512,928,8,1
1,28,960,512 512,960,8,1
1,28,992,512 512,992,8,1
1,28,1024,512 512,1024,8,1
1,28,1056,512 512,1056,8,1
1,28,1088,512 512,1088,8,1
1,4,160,3584 128,4480,32,1
1,28,1120,512 512,1120,8,1
1,28,1152,512 512,1152,8,1
1,28,1184,512 512,1184,8,1
1,28,1216,512 512,1216,8,1
1,28,1248,512 512,1248,8,1
1,28,1280,512 512,1280,8,1
1,28,1312,512 512,1312,8,1
1,32,1536,448 1024,672,4,1
1,4,192,3584 128,5376,32,1
1,28,1344,512 512,1344,8,1
1,28,1376,512 512,1376,8,1
1,28,1408,512 512,1408,8,1
1,28,1440,512 512,1440,8,1
1,28,1472,512 512,1472,8,1
1,28,1504,512 512,1504,8,1
1,28,1536,512 512,1536,8,1
1,4,224,3584 128,6272,32,1
1,28,1568,512 512,1568,8,1
1,28,1600,512 512,1600,8,1
1,28,1632,512 512,1632,8,1
1,28,1664,512 512,1664,8,1
1,28,1696,512 512,1696,8,1
1,28,1728,512 512,1728,8,1
1,28,1760,512 512,1760,8,1
1,32,2048,448 1024,896,4,1
1,28,1792,512 512,1792,8,1
1,4,256,3584 128,7168,32,1
1,28,1824,512 512,1824,8,1
1,28,1856,512 512,1856,8,1
1,28,1888,512 512,1888,8,1
1,28,1920,512 512,1920,8,1
1,28,1952,512 512,1952,8,1
1,28,1984,512 512,1984,8,1
1,4,288,3584 128,8064,32,1
1,28,2016,512 512,2016,8,1
1,28,2048,512 512,2048,8,1
1,28,2080,512 512,2080,8,1
1,28,2112,512 512,2112,8,1
1,28,2144,512 512,2144,8,1
1,28,2176,512 512,2176,8,1
1,28,2208,512 512,2208,8,1
1,32,2560,448 1024,1120,4,1
1,28,2240,512 512,2240,8,1
1,4,320,3584 128,8960,32,1
1,28,2272,512 512,2272,8,1
1,28,2304,512 512,2304,8,1
1,28,2336,512 512,2336,8,1
1,28,2368,512 512,2368,8,1
1,28,2400,512 512,2400,8,1
1,28,2432,512 512,2432,8,1
1,4,352,3584 128,9856,32,1
1,28,2464,512 512,2464,8,1
1,28,2496,512 512,2496,8,1
1,28,2528,512 512,2528,8,1
1,28,2560,512 512,2560,8,1
1,28,2592,512 512,2592,8,1
1,28,2624,512 512,2624,8,1
1,28,2656,512 512,2656,8,1
1,4,384,3584 128,10752,32,1
1,28,2688,512 512,2688,8,1
1,32,3072,448 1024,1344,4,1
1,28,2720,512 512,2720,8,1
1,28,2752,512 512,2752,8,1
1,28,2784,512 512,2784,8,1
1,28,2816,512 512,2816,8,1
1,28,2848,512 512,2848,8,1
1,28,2880,512 512,2880,8,1
1,28,2912,512 512,2912,8,1
1,4,416,3584 128,11648,32,1
1,28,2944,512 512,2944,8,1
1,28,2976,512 512,2976,8,1
1,28,3008,512 512,3008,8,1
1,28,3040,512 512,3040,8,1
1,28,3072,512 512,3072,8,1
1,28,3104,512 512,3104,8,1
1,4,448,3584 128,12544,32,1
1,32,3584,448 1024,1568,4,1
1,28,3136,512 512,3136,8,1
1,28,3168,512 512,3168,8,1
1,8,224,1792 128,3136,32,1
1,32,1024,448 512,896,8,1
1,8,256,1792 128,3584,32,1
1,8,288,1792 128,4032,32,1
1,32,1280,448 512,1120,8,1
1,8,320,1792 128,4480,32,1
1,8,352,1792 128,4928,32,1
1,32,1536,448 512,1344,8,1
1,8,384,1792 128,5376,32,1
1,8,416,1792 128,5824,32,1
1,32,1792,448 512,1568,8,1
1,8,448,1792 128,6272,32,1
1,8,480,1792 128,6720,32,1
1,32,2048,448 512,1792,8,1
1,8,512,1792 128,7168,32,1
1,8,544,1792 128,7616,32,1
1,32,2304,448 512,2016,8,1
1,8,576,1792 128,8064,32,1
1,8,608,1792 128,8512,32,1
1,8,640,1792 128,8960,32,1
1,32,2560,448 512,2240,8,1
1,8,672,1792 128,9408,32,1
1,32,2816,448 512,2464,8,1
1,8,704,1792 128,9856,32,1
1,8,736,1792 128,10304,32,1
1,32,3072,448 512,2688,8,1
1,8,768,1792 128,10752,32,1
1,8,800,1792 128,11200,32,1
1,28,672,512 256,1344,16,1
1,28,704,512 256,1408,16,1
1,28,736,512 256,1472,16,1
1,28,768,512 256,1536,16,1
1,28,800,512 256,1600,16,1
1,28,832,512 256,1664,16,1
1,28,864,512 256,1728,16,1
1,28,896,512 256,1792,16,1
1,28,928,512 256,1856,16,1
1,28,960,512 256,1920,16,1
1,28,992,512 256,1984,16,1
1,28,1024,512 256,2048,16,1
1,28,1056,512 256,2112,16,1
1,28,1088,512 256,2176,16,1
1,28,1120,512 256,2240,16,1
1,28,1152,512 256,2304,16,1
1,28,1184,512 256,2368,16,1
1,28,1216,512 256,2432,16,1
1,28,1248,512 256,2496,16,1
1,28,1280,512 256,2560,16,1
1,28,1312,512 256,2624,16,1
1,28,1344,512 256,2688,16,1
1,28,1376,512 256,2752,16,1
1,28,1408,512 256,2816,16,1
1,28,1440,512 256,2880,16,1
1,28,1472,512 256,2944,16,1
1,28,1504,512 256,3008,16,1
1,28,1536,512 256,3072,16,1
1,28,1568,512 256,3136,16,1
1,28,1600,512 256,3200,16,1
1,28,1632,512 256,3264,16,1
1,28,1664,512 256,3328,16,1
1,28,1696,512 256,3392,16,1
1,28,1728,512 256,3456,16,1
1,28,1760,512 256,3520,16,1
1,28,1792,512 256,3584,16,1
1,28,1824,512 256,3648,16,1
1,28,1856,512 256,3712,16,1
1,28,1888,512 256,3776,16,1
1,28,1920,512 256,3840,16,1
1,28,1952,512 256,3904,16,1
1,28,1984,512 256,3968,16,1
1,28,2016,512 256,4032,16,1
1,28,2048,512 256,4096,16,1
1,28,2080,512 256,4160,16,1
1,28,2112,512 256,4224,16,1
1,28,2144,512 256,4288,16,1
1,28,2176,512 256,4352,16,1
1,28,2208,512 256,4416,16,1
1,28,2240,512 256,4480,16,1
1,28,2272,512 256,4544,16,1
1,28,2304,512 256,4608,16,1
1,28,2336,512 256,4672,16,1
1,28,2368,512 256,4736,16,1
1,28,2400,512 256,4800,16,1
1,28,2432,512 256,4864,16,1
1,28,2464,512 256,4928,16,1
1,28,2496,512 256,4992,16,1
1,28,2528,512 256,5056,16,1
1,28,2560,512 256,5120,16,1
1,28,2592,512 256,5184,16,1
1,14,320,1024 128,2560,32,1
1,14,352,1024 128,2816,32,1
1,14,384,1024 128,3072,32,1
1,14,416,1024 128,3328,32,1
1,14,448,1024 128,3584,32,1
1,14,480,1024 128,3840,32,1
1,14,512,1024 128,4096,32,1
1,14,544,1024 128,4352,32,1
1,14,576,1024 128,4608,32,1
1,14,608,1024 128,4864,32,1
1,14,640,1024 128,5120,32,1
1,14,672,1024 128,5376,32,1
1,14,704,1024 128,5632,32,1
1,14,736,1024 128,5888,32,1
1,14,768,1024 128,6144,32,1
1,14,800,1024 128,6400,32,1
1,14,832,1024 128,6656,32,1
1,14,864,1024 128,6912,32,1
1,14,896,1024 128,7168,32,1
1,14,928,1024 128,7424,32,1
1,14,960,1024 128,7680,32,1
1,14,992,1024 128,7936,32,1
1,14,1024,1024 128,8192,32,1
1,14,1056,1024 128,8448,32,1
1,14,1088,1024 128,8704,32,1
1,14,1120,1024 128,8960,32,1
1,14,1152,1024 128,9216,32,1
1,14,1184,1024 128,9472,32,1
1,14,1216,1024 128,9728,32,1
1,16,352,896 128,2464,32,1
1,32,768,448 256,1344,16,1
1,16,384,896 128,2688,32,1
1,16,416,896 128,2912,32,1
1,32,896,448 256,1568,16,1
1,16,448,896 128,3136,32,1
1,16,480,896 128,3360,32,1
1,32,1024,448 256,1792,16,1
1,16,512,896 128,3584,32,1
1,16,544,896 128,3808,32,1
1,32,1152,448 256,2016,16,1
1,16,576,896 128,4032,32,1
1,16,608,896 128,4256,32,1
1,32,1280,448 256,2240,16,1
1,16,640,896 128,4480,32,1
1,16,672,896 128,4704,32,1
1,32,1408,448 256,2464,16,1
1,16,704,896 128,4928,32,1
1,16,736,896 128,5152,32,1
1,16,768,896 128,5376,32,1
1,32,1536,448 256,2688,16,1
1,16,800,896 128,5600,32,1
1,32,1664,448 256,2912,16,1
1,16,832,896 128,5824,32,1
1,16,864,896 128,6048,32,1
1,16,896,896 128,6272,32,1
1,32,1792,448 256,3136,16,1
1,16,928,896 128,6496,32,1
1,32,1920,448 256,3360,16,1
1,16,960,896 128,6720,32,1
1,16,992,896 128,6944,32,1
1,32,2048,448 256,3584,16,1
1,16,1024,896 128,7168,32,1
1,16,1056,896 128,7392,32,1
1,16,1088,896 128,7616,32,1
1,32,2176,448 256,3808,16,1
1,16,1120,896 128,7840,32,1
1,16,1152,896 128,8064,32,1
1,32,2304,448 256,4032,16,1
1,16,1184,896 128,8288,32,1
1,16,1216,896 128,8512,32,1
1,32,2432,448 256,4256,16,1
1,16,1248,896 128,8736,32,1
1,16,1280,896 128,8960,32,1
1,32,2560,448 256,4480,16,1
1,16,1312,896 128,9184,32,1
1,32,2688,448 256,4704,16,1
1,16,1344,896 128,9408,32,1
1,56,1024,256 2048,128,2,1
1,56,1280,256 2048,160,2,1
1,56,1536,256 2048,192,2,1
1,56,1792,256 2048,224,2,1
1,56,2048,256 2048,256,2,1
1,56,2304,256 2048,288,2,1
1,56,2560,256 2048,320,2,1
1,56,2816,256 2048,352,2,1
1,56,3072,256 2048,384,2,1
1,56,3328,256 2048,416,2,1
1,56,3584,256 2048,448,2,1
1,56,3840,256 2048,480,2,1
1,28,480,512 128,1920,32,1
1,56,1024,256 1024,256,4,1
1,28,512,512 128,2048,32,1
1,28,544,512 128,2176,32,1
1,28,576,512 128,2304,32,1
1,56,1152,256 1024,288,4,1
1,28,608,512 128,2432,32,1
1,28,640,512 128,2560,32,1
1,56,1280,256 1024,320,4,1
1,28,672,512 128,2688,32,1
1,28,704,512 128,2816,32,1
1,56,1408,256 1024,352,4,1
1,28,736,512 128,2944,32,1
1,56,1536,256 1024,384,4,1
1,28,768,512 128,3072,32,1
1,28,800,512 128,3200,32,1
1,56,1664,256 1024,416,4,1
1,28,832,512 128,3328,32,1
1,28,864,512 128,3456,32,1
1,28,896,512 128,3584,32,1
1,56,1792,256 1024,448,4,1
1,28,928,512 128,3712,32,1
1,56,1920,256 1024,480,4,1
1,28,960,512 128,3840,32,1
1,28,992,512 128,3968,32,1
1,56,2048,256 1024,512,4,1
1,28,1024,512 128,4096,32,1
1,28,1056,512 128,4224,32,1
1,56,2176,256 1024,544,4,1
1,28,1088,512 128,4352,32,1
1,28,1120,512 128,4480,32,1
1,28,1152,512 128,4608,32,1
1,56,2304,256 1024,576,4,1
1,28,1184,512 128,4736,32,1
1,28,1216,512 128,4864,32,1
1,56,2432,256 1024,608,4,1
1,28,1248,512 128,4992,32,1
1,28,1280,512 128,5120,32,1
1,56,2560,256 1024,640,4,1
1,28,1312,512 128,5248,32,1
1,28,1344,512 128,5376,32,1
1,56,2688,256 1024,672,4,1
1,28,1376,512 128,5504,32,1
1,56,2816,256 1024,704,4,1
1,28,1408,512 128,5632,32,1
1,28,1440,512 128,5760,32,1
1,56,2944,256 1024,736,4,1
1,28,1472,512 128,5888,32,1
1,28,1504,512 128,6016,32,1
1,28,1536,512 128,6144,32,1
1,56,3072,256 1024,768,4,1
1,28,1568,512 128,6272,32,1
1,28,1600,512 128,6400,32,1
1,56,3200,256 1024,800,4,1
1,28,1632,512 128,6528,32,1
1,56,3328,256 1024,832,4,1
1,28,1664,512 128,6656,32,1
1,28,1696,512 128,6784,32,1
1,56,3456,256 1024,864,4,1
1,28,1728,512 128,6912,32,1
1,28,1760,512 128,7040,32,1
1,56,3584,256 1024,896,4,1
1,28,1792,512 128,7168,32,1
1,28,1824,512 128,7296,32,1
1,28,1856,512 128,7424,32,1
1,56,3712,256 1024,928,4,1
1,28,1888,512 128,7552,32,1
1,32,512,448 128,1792,32,1
1,56,896,256 512,448,8,1
1,56,960,256 512,480,8,1
1,32,576,448 128,2016,32,1
1,56,1024,256 512,512,8,1
1,56,1088,256 512,544,8,1
1,32,640,448 128,2240,32,1
1,56,1152,256 512,576,8,1
1,56,1216,256 512,608,8,1
1,32,704,448 128,2464,32,1
1,56,1280,256 512,640,8,1
1,32,768,448 128,2688,32,1
1,56,1344,256 512,672,8,1
1,56,1408,256 512,704,8,1
1,32,832,448 128,2912,32,1
1,56,1472,256 512,736,8,1
1,56,1536,256 512,768,8,1
1,32,896,448 128,3136,32,1
1,56,1600,256 512,800,8,1
1,56,1664,256 512,832,8,1
1,32,960,448 128,3360,32,1
1,56,1728,256 512,864,8,1
1,32,1024,448 128,3584,32,1
1,56,1792,256 512,896,8,1
1,56,1856,256 512,928,8,1
1,32,1088,448 128,3808,32,1
1,56,1920,256 512,960,8,1
1,56,1984,256 512,992,8,1
1,32,1152,448 128,4032,32,1
1,56,2048,256 512,1024,8,1
1,56,2112,256 512,1056,8,1
1,32,1216,448 128,4256,32,1
1,56,2176,256 512,1088,8,1
1,32,1280,448 128,4480,32,1
1,56,2240,256 512,1120,8,1
1,56,2304,256 512,1152,8,1
1,32,1344,448 128,4704,32,1
1,56,2368,256 512,1184,8,1
1,56,2432,256 512,1216,8,1
1,32,1408,448 128,4928,32,1
1,56,2496,256 512,1248,8,1
1,56,2560,256 512,1280,8,1
1,32,1472,448 128,5152,32,1
1,56,2624,256 512,1312,8,1
1,56,2688,256 512,1344,8,1
1,32,1536,448 128,5376,32,1
1,56,2752,256 512,1376,8,1
1,32,1600,448 128,5600,32,1
1,56,2816,256 512,1408,8,1
1,56,2880,256 512,1440,8,1
1,32,1664,448 128,5824,32,1
1,56,2944,256 512,1472,8,1
1,56,3008,256 512,1504,8,1
1,32,1728,448 128,6048,32,1
1,56,3072,256 512,1536,8,1
1,32,1792,448 128,6272,32,1
1,56,3136,256 512,1568,8,1
1,56,3200,256 512,1600,8,1
1,32,1856,448 128,6496,32,1
1,56,3264,256 512,1632,8,1
1,56,3328,256 512,1664,8,1
1,32,1920,448 128,6720,32,1
1,56,3392,256 512,1696,8,1
1,56,3456,256 512,1728,8,1
1,32,1984,448 128,6944,32,1
1,56,3520,256 512,1760,8,1
1,2,32,7168 64,3584,64,1
1,2,64,7168 64,7168,64,1
1,64,2048,224 2048,224,2,1
1,2,96,7168 64,10752,64,1
1,4,64,3584 64,3584,64,1
1,64,1024,224 1024,224,4,1
1,4,96,3584 64,5376,64,1
1,64,2048,224 1024,448,4,1
1,4,128,3584 64,7168,64,1
1,4,160,3584 64,8960,64,1
1,64,3072,224 1024,672,4,1
1,4,192,3584 64,10752,64,1
1,4,224,3584 64,12544,64,1
1,56,800,256 256,800,16,1
1,56,832,256 256,832,16,1
1,56,864,256 256,864,16,1
1,8,128,1792 64,3584,64,1
1,64,1024,224 512,448,8,1
1,56,896,256 256,896,16,1
1,56,928,256 256,928,16,1
1,56,960,256 256,960,16,1
1,56,992,256 256,992,16,1
1,56,1024,256 256,1024,16,1
1,56,1056,256 256,1056,16,1
1,56,1088,256 256,1088,16,1
1,8,160,1792 64,4480,64,1
1,56,1120,256 256,1120,16,1
1,56,1152,256 256,1152,16,1
1,56,1184,256 256,1184,16,1
1,56,1216,256 256,1216,16,1
1,56,1248,256 256,1248,16,1
1,56,1280,256 256,1280,16,1
1,56,1312,256 256,1312,16,1
1,8,192,1792 64,5376,64,1
1,56,1344,256 256,1344,16,1
1,64,1536,224 512,672,8,1
1,56,1376,256 256,1376,16,1
1,56,1408,256 256,1408,16,1
1,56,1440,256 256,1440,16,1
1,56,1472,256 256,1472,16,1
1,56,1504,256 256,1504,16,1
1,56,1536,256 256,1536,16,1
1,56,1568,256 256,1568,16,1
1,8,224,1792 64,6272,64,1
1,56,1600,256 256,1600,16,1
1,56,1632,256 256,1632,16,1
1,56,1664,256 256,1664,16,1
1,56,1696,256 256,1696,16,1
1,56,1728,256 256,1728,16,1
1,56,1760,256 256,1760,16,1
1,8,256,1792 64,7168,64,1
1,56,1792,256 256,1792,16,1
1,64,2048,224 512,896,8,1
1,56,1824,256 256,1824,16,1
1,56,1856,256 256,1856,16,1
1,56,1888,256 256,1888,16,1
1,56,1920,256 256,1920,16,1
1,56,1952,256 256,1952,16,1
1,56,1984,256 256,1984,16,1
1,8,288,1792 64,8064,64,1
1,56,2016,256 256,2016,16,1
1,56,2048,256 256,2048,16,1
1,56,2080,256 256,2080,16,1
1,56,2112,256 256,2112,16,1
1,56,2144,256 256,2144,16,1
1,56,2176,256 256,2176,16,1
1,56,2208,256 256,2208,16,1
1,56,2240,256 256,2240,16,1
1,8,320,1792 64,8960,64,1
1,64,2560,224 512,1120,8,1
1,56,2272,256 256,2272,16,1
1,56,2304,256 256,2304,16,1
1,56,2336,256 256,2336,16,1
1,56,2368,256 256,2368,16,1
1,56,2400,256 256,2400,16,1
1,56,2432,256 256,2432,16,1
1,8,352,1792 64,9856,64,1
1,56,2464,256 256,2464,16,1
1,56,2496,256 256,2496,16,1
1,56,2528,256 256,2528,16,1
1,56,2560,256 256,2560,16,1
1,56,2592,256 256,2592,16,1
1,56,2624,256 256,2624,16,1
1,56,2656,256 256,2656,16,1
1,64,3072,224 512,1344,8,1
1,8,384,1792 64,10752,64,1
1,56,2688,256 256,2688,16,1
1,56,2720,256 256,2720,16,1
1,56,2752,256 256,2752,16,1
1,56,2784,256 256,2784,16,1
1,56,2816,256 256,2816,16,1
1,56,2848,256 256,2848,16,1
1,56,2880,256 256,2880,16,1
1,56,2912,256 256,2912,16,1
1,8,416,1792 64,11648,64,1
1,56,2944,256 256,2944,16,1
1,56,2976,256 256,2976,16,1
1,56,3008,256 256,3008,16,1
1,56,3040,256 256,3040,16,1
1,56,3072,256 256,3072,16,1
1,56,3104,256 256,3104,16,1
1,56,3136,256 256,3136,16,1
1,64,3584,224 512,1568,8,1
1,8,448,1792 64,12544,64,1
1,56,3168,256 256,3168,16,1
1,14,192,1024 64,3072,64,1
1,14,224,1024 64,3584,64,1
1,14,256,1024 64,4096,64,1
1,14,288,1024 64,4608,64,1
1,14,320,1024 64,5120,64,1
1,14,352,1024 64,5632,64,1
1,14,384,1024 64,6144,64,1
1,14,416,1024 64,6656,64,1
1,14,448,1024 64,7168,64,1
1,16,224,896 64,3136,64,1
1,14,480,1024 64,7680,64,1
1,14,512,1024 64,8192,64,1
1,14,544,1024 64,8704,64,1
1,14,576,1024 64,9216,64,1
1,14,608,1024 64,9728,64,1
1,16,256,896 64,3584,64,1
1,64,1024,224 256,896,16,1
1,14,640,1024 64,10240,64,1
1,14,672,1024 64,10752,64,1
1,14,704,1024 64,11264,64,1
1,16,288,896 64,4032,64,1
1,64,1280,224 256,1120,16,1
1,16,320,896 64,4480,64,1
1,16,352,896 64,4928,64,1
1,64,1536,224 256,1344,16,1
1,16,384,896 64,5376,64,1
1,16,416,896 64,5824,64,1
1,64,1792,224 256,1568,16,1
1,16,448,896 64,6272,64,1
1,16,480,896 64,6720,64,1
1,64,2048,224 256,1792,16,1
1,16,512,896 64,7168,64,1
1,16,544,896 64,7616,64,1
1,64,2304,224 256,2016,16,1
1,16,576,896 64,8064,64,1
1,16,608,896 64,8512,64,1
1,64,2560,224 256,2240,16,1
1,16,640,896 64,8960,64,1
1,16,672,896 64,9408,64,1
1,64,2816,224 256,2464,16,1
1,16,704,896 64,9856,64,1
1,16,736,896 64,10304,64,1
1,64,3072,224 256,2688,16,1
1,16,768,896 64,10752,64,1
1,16,800,896 64,11200,64,1
1,56,672,256 128,1344,32,1
1,56,704,256 128,1408,32,1
1,56,736,256 128,1472,32,1
1,56,768,256 128,1536,32,1
1,56,800,256 128,1600,32,1
1,56,832,256 128,1664,32,1
1,56,864,256 128,1728,32,1
1,56,896,256 128,1792,32,1
1,56,928,256 128,1856,32,1
1,56,960,256 128,1920,32,1
1,56,992,256 128,1984,32,1
1,56,1024,256 128,2048,32,1
1,56,1056,256 128,2112,32,1
1,56,1088,256 128,2176,32,1
1,56,1120,256 128,2240,32,1
1,56,1152,256 128,2304,32,1
1,56,1184,256 128,2368,32,1
1,56,1216,256 128,2432,32,1
1,56,1248,256 128,2496,32,1
1,56,1280,256 128,2560,32,1
1,56,1312,256 128,2624,32,1
1,56,1344,256 128,2688,32,1
1,56,1376,256 128,2752,32,1
1,56,1408,256 128,2816,32,1
1,56,1440,256 128,2880,32,1
1,56,1472,256 128,2944,32,1
1,56,1504,256 128,3008,32,1
1,56,1536,256 128,3072,32,1
1,56,1568,256 128,3136,32,1
1,56,1600,256 128,3200,32,1
1,56,1632,256 128,3264,32,1
1,56,1664,256 128,3328,32,1
1,56,1696,256 128,3392,32,1
1,56,1728,256 128,3456,32,1
1,56,1760,256 128,3520,32,1
1,56,1792,256 128,3584,32,1
1,56,1824,256 128,3648,32,1
1,56,1856,256 128,3712,32,1
1,56,1888,256 128,3776,32,1
1,56,1920,256 128,3840,32,1
1,56,1952,256 128,3904,32,1
1,56,1984,256 128,3968,32,1
1,56,2016,256 128,4032,32,1
1,56,2048,256 128,4096,32,1
1,56,2080,256 128,4160,32,1
1,56,2112,256 128,4224,32,1
1,56,2144,256 128,4288,32,1
1,56,2176,256 128,4352,32,1
1,56,2208,256 128,4416,32,1
1,56,2240,256 128,4480,32,1
1,56,2272,256 128,4544,32,1
1,56,2304,256 128,4608,32,1
1,56,2336,256 128,4672,32,1
1,56,2368,256 128,4736,32,1
1,56,2400,256 128,4800,32,1
1,56,2432,256 128,4864,32,1
1,56,2464,256 128,4928,32,1
1,56,2496,256 128,4992,32,1
1,56,2528,256 128,5056,32,1
1,56,2560,256 128,5120,32,1
1,56,2592,256 128,5184,32,1
1,28,320,512 64,2560,64,1
1,28,352,512 64,2816,64,1
1,28,384,512 64,3072,64,1
1,28,416,512 64,3328,64,1
1,28,448,512 64,3584,64,1
1,28,480,512 64,3840,64,1
1,28,512,512 64,4096,64,1
1,28,544,512 64,4352,64,1
1,28,576,512 64,4608,64,1
1,28,608,512 64,4864,64,1
1,28,640,512 64,5120,64,1
1,28,672,512 64,5376,64,1
1,28,704,512 64,5632,64,1
1,28,736,512 64,5888,64,1
1,28,768,512 64,6144,64,1
1,28,800,512 64,6400,64,1
1,28,832,512 64,6656,64,1
1,28,864,512 64,6912,64,1
1,28,896,512 64,7168,64,1
1,28,928,512 64,7424,64,1
1,28,960,512 64,7680,64,1
1,28,992,512 64,7936,64,1
1,28,1024,512 64,8192,64,1
1,28,1056,512 64,8448,64,1
1,28,1088,512 64,8704,64,1
1,28,1120,512 64,8960,64,1
1,28,1152,512 64,9216,64,1
1,28,1184,512 64,9472,64,1
1,28,1216,512 64,9728,64,1
1,32,352,448 64,2464,64,1
1,64,768,224 128,1344,32,1
1,32,384,448 64,2688,64,1
1,32,416,448 64,2912,64,1
1,32,448,448 64,3136,64,1
1,64,896,224 128,1568,32,1
1,32,480,448 64,3360,64,1
1,64,1024,224 128,1792,32,1
1,32,512,448 64,3584,64,1
1,32,544,448 64,3808,64,1
1,64,1152,224 128,2016,32,1
1,32,576,448 64,4032,64,1
1,32,608,448 64,4256,64,1
1,64,1280,224 128,2240,32,1
1,32,640,448 64,4480,64,1
1,32,672,448 64,4704,64,1
1,64,1408,224 128,2464,32,1
1,32,704,448 64,4928,64,1
1,32,736,448 64,5152,64,1
1,64,1536,224 128,2688,32,1
1,32,768,448 64,5376,64,1
1,32,800,448 64,5600,64,1
1,32,832,448 64,5824,64,1
1,64,1664,224 128,2912,32,1
1,32,864,448 64,6048,64,1
1,64,1792,224 128,3136,32,1
1,32,896,448 64,6272,64,1
1,32,928,448 64,6496,64,1
1,64,1920,224 128,3360,32,1
1,32,960,448 64,6720,64,1
1,32,992,448 64,6944,64,1
1,32,1024,448 64,7168,64,1
1,64,2048,224 128,3584,32,1
1,32,1056,448 64,7392,64,1
1,64,2176,224 128,3808,32,1
1,32,1088,448 64,7616,64,1
1,32,1120,448 64,7840,64,1
1,32,1152,448 64,8064,64,1
1,64,2304,224 128,4032,32,1
1,32,1184,448 64,8288,64,1
1,32,1216,448 64,8512,64,1
1,64,2432,224 128,4256,32,1
1,32,1248,448 64,8736,64,1
1,32,1280,448 64,8960,64,1
1,64,2560,224 128,4480,32,1
1,32,1312,448 64,9184,64,1
1,32,1344,448 64,9408,64,1
1,64,2688,224 128,4704,32,1
1,112,1024,128 2048,64,2,1
1,112,1024,128 1024,128,4,1
1,112,1536,128 2048,96,2,1
1,112,1280,128 1024,160,4,1
1,112,2048,128 2048,128,2,1
1,112,1536,128 1024,192,4,1
1,112,2560,128 2048,160,2,1
1,112,3072,128 2048,192,2,1
1,112,1792,128 1024,224,4,1
1,56,480,256 64,1920,64,1
1,112,3584,128 2048,224,2,1
1,112,2048,128 1024,256,4,1
1,56,512,256 64,2048,64,1
1,112,1024,128 512,256,8,1
1,112,2304,128 1024,288,4,1
1,56,544,256 64,2176,64,1
1,112,2560,128 1024,320,4,1
1,56,576,256 64,2304,64,1
1,112,1152,128 512,288,8,1
1,112,2816,128 1024,352,4,1
1,56,608,256 64,2432,64,1
1,112,3072,128 1024,384,4,1
1,112,3328,128 1024,416,4,1
1,112,1280,128 512,320,8,1
1,56,640,256 64,2560,64,1
1,112,3584,128 1024,448,4,1
1,112,3840,128 1024,480,4,1
1,56,672,256 64,2688,64,1
1,56,704,256 64,2816,64,1
1,112,1408,128 512,352,8,1
1,56,736,256 64,2944,64,1
1,112,1536,128 512,384,8,1
1,56,768,256 64,3072,64,1
1,56,800,256 64,3200,64,1
1,56,832,256 64,3328,64,1
1,112,1664,128 512,416,8,1
1,56,864,256 64,3456,64,1
1,112,1792,128 512,448,8,1
1,56,896,256 64,3584,64,1
1,56,928,256 64,3712,64,1
1,112,1920,128 512,480,8,1
1,56,960,256 64,3840,64,1
1,56,992,256 64,3968,64,1
1,56,1024,256 64,4096,64,1
1,112,2048,128 512,512,8,1
1,56,1056,256 64,4224,64,1
1,112,2176,128 512,544,8,1
1,56,1088,256 64,4352,64,1
1,56,1120,256 64,4480,64,1
1,112,2304,128 512,576,8,1
1,56,1152,256 64,4608,64,1
1,56,1184,256 64,4736,64,1
1,112,2432,128 512,608,8,1
1,56,1216,256 64,4864,64,1
1,56,1248,256 64,4992,64,1
1,56,1280,256 64,5120,64,1
1,112,2560,128 512,640,8,1
1,56,1312,256 64,5248,64,1
1,112,2688,128 512,672,8,1
1,56,1344,256 64,5376,64,1
1,56,1376,256 64,5504,64,1
1,56,1408,256 64,5632,64,1
1,112,2816,128 512,704,8,1
1,56,1440,256 64,5760,64,1
1,112,2944,128 512,736,8,1
1,56,1472,256 64,5888,64,1
1,56,1504,256 64,6016,64,1
1,56,1536,256 64,6144,64,1
1,112,3072,128 512,768,8,1
1,56,1568,256 64,6272,64,1
1,112,3200,128 512,800,8,1
1,56,1600,256 64,6400,64,1
1,56,1632,256 64,6528,64,1
1,56,1664,256 64,6656,64,1
1,112,3328,128 512,832,8,1
1,56,1696,256 64,6784,64,1
1,112,3456,128 512,864,8,1
1,56,1728,256 64,6912,64,1
1,56,1760,256 64,7040,64,1
1,112,3584,128 512,896,8,1
1,56,1792,256 64,7168,64,1
1,56,1824,256 64,7296,64,1
1,112,3712,128 512,928,8,1
1,56,1856,256 64,7424,64,1
1,56,1888,256 64,7552,64,1
1,64,512,224 64,1792,64,1
1,112,896,128 256,448,16,1
1,112,960,128 256,480,16,1
1,64,576,224 64,2016,64,1
1,112,1024,128 256,512,16,1
1,112,1088,128 256,544,16,1
1,64,640,224 64,2240,64,1
1,112,1152,128 256,576,16,1
1,112,1216,128 256,608,16,1
1,64,704,224 64,2464,64,1
1,112,1280,128 256,640,16,1
1,64,768,224 64,2688,64,1
1,112,1344,128 256,672,16,1
1,112,1408,128 256,704,16,1
1,64,832,224 64,2912,64,1
1,112,1472,128 256,736,16,1
1,4,32,3584 32,3584,128,1
1,112,1536,128 256,768,16,1
1,64,896,224 64,3136,64,1
1,112,1600,128 256,800,16,1
1,112,1664,128 256,832,16,1
1,64,960,224 64,3360,64,1
1,112,1728,128 256,864,16,1
1,112,1792,128 256,896,16,1
1,64,1024,224 64,3584,64,1
1,112,1856,128 256,928,16,1
1,64,1088,224 64,3808,64,1
1,112,1920,128 256,960,16,1
1,112,1984,128 256,992,16,1
1,64,1152,224 64,4032,64,1
1,112,2048,128 256,1024,16,1
1,112,2112,128 256,1056,16,1
1,64,1216,224 64,4256,64,1
1,112,2176,128 256,1088,16,1
1,112,2240,128 256,1120,16,1
1,64,1280,224 64,4480,64,1
1,112,2304,128 256,1152,16,1
1,64,1344,224 64,4704,64,1
1,112,2368,128 256,1184,16,1
1,112,2432,128 256,1216,16,1
1,64,1408,224 64,4928,64,1
1,112,2496,128 256,1248,16,1
1,112,2560,128 256,1280,16,1
1,64,1472,224 64,5152,64,1
1,112,2624,128 256,1312,16,1
1,64,1536,224 64,5376,64,1
1,112,2688,128 256,1344,16,1
1,112,2752,128 256,1376,16,1
1,64,1600,224 64,5600,64,1
1,112,2816,128 256,1408,16,1
1,112,2880,128 256,1440,16,1
1,64,1664,224 64,5824,64,1
1,112,2944,128 256,1472,16,1
1,2,32,7168 32,7168,128,1
1,112,3008,128 256,1504,16,1
1,64,1728,224 64,6048,64,1
1,112,3072,128 256,1536,16,1
1,64,1792,224 64,6272,64,1
1,112,3136,128 256,1568,16,1
1,112,3200,128 256,1600,16,1
1,64,1856,224 64,6496,64,1
1,112,3264,128 256,1632,16,1
1,112,3328,128 256,1664,16,1
1,64,1920,224 64,6720,64,1
1,112,3392,128 256,1696,16,1
1,112,3456,128 256,1728,16,1
1,64,1984,224 64,6944,64,1
1,112,3520,128 256,1760,16,1
1,8,64,1792 32,3584,128,1
1,128,1024,112 512,224,8,1
1,128,2048,112 1024,224,4,1
1,4,64,3584 32,7168,128,1
1,4,96,3584 32,10752,128,1
1,8,96,1792 32,5376,128,1
1,8,128,1792 32,7168,128,1
1,128,2048,112 512,448,8,1
1,8,160,1792 32,8960,128,1
1,112,800,128 128,800,32,1
1,128,3072,112 512,672,8,1
1,8,192,1792 32,10752,128,1
1,112,832,128 128,832,32,1
1,14,128,1024 32,4096,128,1
1,112,864,128 128,864,32,1
1,8,224,1792 32,12544,128,1
1,16,128,896 32,3584,128,1
1,128,1024,112 256,448,16,1
1,112,896,128 128,896,32,1
1,112,928,128 128,928,32,1
1,112,960,128 128,960,32,1
1,112,992,128 128,992,32,1
1,14,160,1024 32,5120,128,1
1,112,1024,128 128,1024,32,1
1,112,1056,128 128,1056,32,1
1,112,1088,128 128,1088,32,1
1,16,160,896 32,4480,128,1
1,112,1120,128 128,1120,32,1
1,112,1152,128 128,1152,32,1
1,14,192,1024 32,6144,128,1
1,112,1184,128 128,1184,32,1
1,112,1216,128 128,1216,32,1
1,112,1248,128 128,1248,32,1
1,112,1280,128 128,1280,32,1
1,112,1312,128 128,1312,32,1
1,14,224,1024 32,7168,128,1
1,128,1536,112 256,672,16,1
1,112,1344,128 128,1344,32,1
1,16,192,896 32,5376,128,1
1,112,1376,128 128,1376,32,1
1,112,1408,128 128,1408,32,1
1,112,1440,128 128,1440,32,1
1,14,256,1024 32,8192,128,1
1,112,1472,128 128,1472,32,1
1,112,1504,128 128,1504,32,1
1,112,1536,128 128,1536,32,1
1,112,1568,128 128,1568,32,1
1,16,224,896 32,6272,128,1
1,14,288,1024 32,9216,128,1
1,112,1600,128 128,1600,32,1
1,112,1632,128 128,1632,32,1
1,112,1664,128 128,1664,32,1
1,14,320,1024 32,10240,128,1
1,112,1696,128 128,1696,32,1
1,112,1728,128 128,1728,32,1
1,112,1760,128 128,1760,32,1
1,128,2048,112 256,896,16,1
1,16,256,896 32,7168,128,1
1,112,1792,128 128,1792,32,1
1,14,352,1024 32,11264,128,1
1,112,1824,128 128,1824,32,1
1,112,1856,128 128,1856,32,1
1,112,1888,128 128,1888,32,1
1,14,384,1024 32,12288,128,1
1,112,1920,128 128,1920,32,1
1,112,1952,128 128,1952,32,1
1,112,1984,128 128,1984,32,1
1,16,288,896 32,8064,128,1
1,112,2016,128 128,2016,32,1
1,112,2048,128 128,2048,32,1
1,112,2080,128 128,2080,32,1
1,112,2112,128 128,2112,32,1
1,112,2144,128 128,2144,32,1
1,112,2176,128 128,2176,32,1
1,112,2208,128 128,2208,32,1
1,16,320,896 32,8960,128,1
1,112,2240,128 128,2240,32,1
1,128,2560,112 256,1120,16,1
1,112,2272,128 128,2272,32,1
1,112,2304,128 128,2304,32,1
1,112,2336,128 128,2336,32,1
1,112,2368,128 128,2368,32,1
1,112,2400,128 128,2400,32,1
1,112,2432,128 128,2432,32,1
1,112,2464,128 128,2464,32,1
1,16,352,896 32,9856,128,1
1,112,2496,128 128,2496,32,1
1,112,2528,128 128,2528,32,1
1,112,2560,128 128,2560,32,1
1,112,2592,128 128,2592,32,1
1,112,2624,128 128,2624,32,1
1,112,2656,128 128,2656,32,1
1,16,384,896 32,10752,128,1
1,128,3072,112 256,1344,16,1
1,112,2688,128 128,2688,32,1
1,112,2720,128 128,2720,32,1
1,112,2752,128 128,2752,32,1
1,112,2784,128 128,2784,32,1
1,112,2816,128 128,2816,32,1
1,112,2848,128 128,2848,32,1
1,112,2880,128 128,2880,32,1
1,16,416,896 32,11648,128,1
1,112,2912,128 128,2912,32,1
1,112,2944,128 128,2944,32,1
1,112,2976,128 128,2976,32,1
1,112,3008,128 128,3008,32,1
1,112,3040,128 128,3040,32,1
1,112,3072,128 128,3072,32,1
1,112,3104,128 128,3104,32,1
1,128,3584,112 256,1568,16,1
1,112,3136,128 128,3136,32,1
1,16,448,896 32,12544,128,1
1,112,3168,128 128,3168,32,1
1,28,192,512 32,3072,128,1
1,28,224,512 32,3584,128,1
1,28,256,512 32,4096,128,1
1,32,224,448 32,3136,128,1
1,28,288,512 32,4608,128,1
1,28,320,512 32,5120,128,1
1,32,256,448 32,3584,128,1
1,128,1024,112 128,896,32,1
1,28,352,512 32,5632,128,1
1,28,384,512 32,6144,128,1
1,32,288,448 32,4032,128,1
1,28,416,512 32,6656,128,1
1,28,448,512 32,7168,128,1
1,128,1280,112 128,1120,32,1
1,32,320,448 32,4480,128,1
1,28,480,512 32,7680,128,1
1,28,512,512 32,8192,128,1
1,28,544,512 32,8704,128,1
1,32,352,448 32,4928,128,1
1,28,576,512 32,9216,128,1
1,28,608,512 32,9728,128,1
1,28,640,512 32,10240,128,1
1,32,384,448 32,5376,128,1
1,128,1536,112 128,1344,32,1
1,28,672,512 32,10752,128,1
1,28,704,512 32,11264,128,1
1,32,416,448 32,5824,128,1
1,32,448,448 32,6272,128,1
1,128,1792,112 128,1568,32,1
1,32,480,448 32,6720,128,1
1,128,2048,112 128,1792,32,1
1,32,512,448 32,7168,128,1
1,32,544,448 32,7616,128,1
1,32,576,448 32,8064,128,1
1,128,2304,112 128,2016,32,1
1,32,608,448 32,8512,128,1
1,32,640,448 32,8960,128,1
1,128,2560,112 128,2240,32,1
1,32,672,448 32,9408,128,1
1,128,2816,112 128,2464,32,1
1,32,704,448 32,9856,128,1
1,32,736,448 32,10304,128,1
1,128,3072,112 128,2688,32,1
1,32,768,448 32,10752,128,1
1,32,800,448 32,11200,128,1
1,112,672,128 64,1344,64,1
1,112,704,128 64,1408,64,1
1,112,736,128 64,1472,64,1
1,112,768,128 64,1536,64,1
1,112,800,128 64,1600,64,1
1,112,832,128 64,1664,64,1
1,112,864,128 64,1728,64,1
1,112,896,128 64,1792,64,1
1,112,928,128 64,1856,64,1
1,112,960,128 64,1920,64,1
1,112,992,128 64,1984,64,1
1,112,1024,128 64,2048,64,1
1,112,1056,128 64,2112,64,1
1,112,1088,128 64,2176,64,1
1,112,1120,128 64,2240,64,1
1,56,320,256 32,2560,128,1
1,112,1152,128 64,2304,64,1
1,112,1184,128 64,2368,64,1
1,112,1216,128 64,2432,64,1
1,112,1248,128 64,2496,64,1
1,112,1280,128 64,2560,64,1
1,112,1312,128 64,2624,64,1
1,56,352,256 32,2816,128,1
1,112,1344,128 64,2688,64,1
1,112,1376,128 64,2752,64,1
1,112,1408,128 64,2816,64,1
1,112,1440,128 64,2880,64,1
1,112,1472,128 64,2944,64,1
1,112,1504,128 64,3008,64,1
1,112,1536,128 64,3072,64,1
1,56,384,256 32,3072,128,1
1,112,1568,128 64,3136,64,1
1,112,1600,128 64,3200,64,1
1,112,1632,128 64,3264,64,1
1,112,1664,128 64,3328,64,1
1,112,1696,128 64,3392,64,1
1,112,1728,128 64,3456,64,1
1,112,1760,128 64,3520,64,1
1,112,1792,128 64,3584,64,1
1,112,1824,128 64,3648,64,1
1,56,416,256 32,3328,128,1
1,112,1856,128 64,3712,64,1
1,112,1888,128 64,3776,64,1
1,112,1920,128 64,3840,64,1
1,112,1952,128 64,3904,64,1
1,112,1984,128 64,3968,64,1
1,112,2016,128 64,4032,64,1
1,112,2048,128 64,4096,64,1
1,112,2080,128 64,4160,64,1
1,112,2112,128 64,4224,64,1
1,112,2144,128 64,4288,64,1
1,56,448,256 32,3584,128,1
1,112,2176,128 64,4352,64,1
1,112,2208,128 64,4416,64,1
1,112,2240,128 64,4480,64,1
1,112,2272,128 64,4544,64,1
1,112,2304,128 64,4608,64,1
1,112,2336,128 64,4672,64,1
1,112,2368,128 64,4736,64,1
1,112,2400,128 64,4800,64,1
1,112,2432,128 64,4864,64,1
1,112,2464,128 64,4928,64,1
1,112,2496,128 64,4992,64,1
1,112,2528,128 64,5056,64,1
1,56,480,256 32,3840,128,1
1,112,2560,128 64,5120,64,1
1,112,2592,128 64,5184,64,1
1,64,352,224 32,2464,128,1
1,56,512,256 32,4096,128,1
1,56,544,256 32,4352,128,1
1,56,576,256 32,4608,128,1
1,64,384,224 32,2688,128,1
1,128,768,112 64,1344,64,1
1,56,608,256 32,4864,128,1
1,56,640,256 32,5120,128,1
1,56,672,256 32,5376,128,1
1,64,416,224 32,2912,128,1
1,56,704,256 32,5632,128,1
1,56,736,256 32,5888,128,1
1,56,768,256 32,6144,128,1
1,128,896,112 64,1568,64,1
1,64,448,224 32,3136,128,1
1,56,800,256 32,6400,128,1
1,56,832,256 32,6656,128,1
1,56,864,256 32,6912,128,1
1,64,480,224 32,3360,128,1
1,56,896,256 32,7168,128,1
1,56,928,256 32,7424,128,1
1,56,960,256 32,7680,128,1
1,56,992,256 32,7936,128,1
1,64,512,224 32,3584,128,1
1,128,1024,112 64,1792,64,1
1,56,1024,256 32,8192,128,1
1,56,1056,256 32,8448,128,1
1,56,1088,256 32,8704,128,1
1,56,1120,256 32,8960,128,1
1,56,1152,256 32,9216,128,1
1,64,544,224 32,3808,128,1
1,56,1184,256 32,9472,128,1
1,56,1216,256 32,9728,128,1
1,64,576,224 32,4032,128,1
1,128,1152,112 64,2016,64,1
1,64,608,224 32,4256,128,1
1,64,640,224 32,4480,128,1
1,128,1280,112 64,2240,64,1
1,64,672,224 32,4704,128,1
1,128,1408,112 64,2464,64,1
1,64,704,224 32,4928,128,1
1,64,736,224 32,5152,128,1
1,128,1536,112 64,2688,64,1
1,64,768,224 32,5376,128,1
1,64,800,224 32,5600,128,1
1,64,832,224 32,5824,128,1
1,128,1664,112 64,2912,64,1
1,64,864,224 32,6048,128,1
1,64,896,224 32,6272,128,1
1,128,1792,112 64,3136,64,1
1,64,928,224 32,6496,128,1
1,64,960,224 32,6720,128,1
1,128,1920,112 64,3360,64,1
1,64,992,224 32,6944,128,1
1,128,2048,112 64,3584,64,1
1,64,1024,224 32,7168,128,1
1,64,1056,224 32,7392,128,1
1,64,1088,224 32,7616,128,1
1,128,2176,112 64,3808,64,1
1,64,1120,224 32,7840,128,1
1,64,1152,224 32,8064,128,1
1,128,2304,112 64,4032,64,1
1,64,1184,224 32,8288,128,1
1,128,2432,112 64,4256,64,1
1,64,1216,224 32,8512,128,1
1,64,1248,224 32,8736,128,1
1,128,2560,112 64,4480,64,1
1,64,1280,224 32,8960,128,1
1,64,1312,224 32,9184,128,1
1,64,1344,224 32,9408,128,1
1,128,2688,112 64,4704,64,1
1,224,1024,64 2048,32,2,1
1,224,1024,64 1024,64,4,1
